timestamp,value
2024-12-12 16:19:18,707.9453125
2024-12-12 16:19:23,707.9453125
2024-12-12 16:19:28,707.9453125
2024-12-12 16:19:33,707.9453125
2024-12-12 16:19:38,707.9453125
2024-12-12 16:19:43,707.9453125
2024-12-12 16:19:48,707.9453125
2024-12-12 16:19:53,707.9453125
2024-12-12 16:19:58,707.9453125
2024-12-12 16:20:03,707.9453125
2024-12-12 16:20:08,707.9453125
2024-12-12 16:20:13,707.984375
2024-12-12 16:20:18,707.984375
2024-12-12 16:20:23,707.984375
2024-12-12 16:20:28,707.984375
2024-12-12 16:20:33,707.984375
2024-12-12 16:20:38,707.984375
2024-12-12 16:20:43,707.984375
2024-12-12 16:20:48,707.984375
2024-12-12 16:20:53,707.984375
2024-12-12 16:20:58,707.984375
2024-12-12 16:21:03,707.984375
2024-12-12 16:21:08,707.984375
2024-12-12 16:21:13,708.03125
2024-12-12 16:21:18,708.03125
2024-12-12 16:21:23,708.03125
2024-12-12 16:21:28,708.03125
2024-12-12 16:21:33,708.03125
2024-12-12 16:21:38,708.03125
2024-12-12 16:21:43,708.03125
2024-12-12 16:21:48,708.03125
2024-12-12 16:21:53,708.03125
2024-12-12 16:21:58,708.03125
2024-12-12 16:22:03,708.03125
2024-12-12 16:22:08,708.03125
2024-12-12 16:22:13,708.0859375
2024-12-12 16:22:18,708.0859375
2024-12-12 16:22:23,708.0859375
2024-12-12 16:22:28,708.0859375
2024-12-12 16:22:33,708.0859375
2024-12-12 16:22:38,708.0859375
2024-12-12 16:22:43,708.0859375
2024-12-12 16:22:48,708.0859375
2024-12-12 16:22:53,708.0859375
2024-12-12 16:22:58,708.0859375
2024-12-12 16:23:03,708.0859375
2024-12-12 16:23:08,708.0859375
2024-12-12 16:23:13,710.484375
2024-12-12 16:23:18,710.484375
2024-12-12 16:23:23,710.484375
2024-12-12 16:23:28,710.484375
2024-12-12 16:23:33,710.484375
2024-12-12 16:23:38,710.484375
2024-12-12 16:23:43,710.484375
2024-12-12 16:23:48,710.484375
2024-12-12 16:23:53,710.484375
2024-12-12 16:23:58,710.484375
2024-12-12 16:24:03,710.484375
2024-12-12 16:24:08,710.484375
2024-12-12 16:24:13,710.56640625
2024-12-12 16:24:18,710.56640625
2024-12-12 16:24:23,710.56640625
2024-12-12 16:24:28,710.56640625
2024-12-12 16:24:33,710.56640625
2024-12-12 16:24:38,710.56640625
2024-12-12 16:24:43,710.56640625
2024-12-12 16:24:48,710.56640625
2024-12-12 16:24:53,710.56640625
2024-12-12 16:24:58,710.56640625
2024-12-12 16:25:03,710.56640625
2024-12-12 16:25:08,710.56640625
2024-12-12 16:25:13,710.6171875
2024-12-12 16:25:18,710.6171875
2024-12-12 16:25:23,710.6171875
2024-12-12 16:25:28,710.6171875
2024-12-12 16:25:33,710.6171875
2024-12-12 16:25:38,710.6171875
2024-12-12 16:25:43,710.6171875
2024-12-12 16:25:48,710.6171875
2024-12-12 16:25:53,710.6171875
2024-12-12 16:25:58,710.6171875
2024-12-12 16:26:03,710.6171875
2024-12-12 16:26:08,710.6171875
2024-12-12 16:26:13,710.7109375
2024-12-12 16:26:18,710.7109375
2024-12-12 16:26:23,710.7109375
2024-12-12 16:26:28,710.7109375
2024-12-12 16:26:33,710.7109375
2024-12-12 16:26:38,710.7109375
2024-12-12 16:26:43,710.7109375
2024-12-12 16:26:48,710.7109375
2024-12-12 16:26:53,710.7109375
2024-12-12 16:26:58,710.7109375
2024-12-12 16:27:03,710.7109375
2024-12-12 16:27:08,710.7109375
2024-12-12 16:27:13,710.76171875
2024-12-12 16:27:18,710.76171875
2024-12-12 16:27:23,710.76171875
2024-12-12 16:27:28,710.76171875
2024-12-12 16:27:33,710.76171875
2024-12-12 16:27:38,710.76171875
2024-12-12 16:27:43,710.76171875
2024-12-12 16:27:48,710.76171875
2024-12-12 16:27:53,710.76171875
2024-12-12 16:27:58,710.76171875
2024-12-12 16:28:03,710.76171875
2024-12-12 16:28:08,710.76171875
2024-12-12 16:28:13,710.765625
2024-12-12 16:28:18,710.765625
2024-12-12 16:28:23,710.765625
2024-12-12 16:28:28,710.765625
2024-12-12 16:28:33,710.765625
2024-12-12 16:28:38,710.765625
2024-12-12 16:28:43,710.765625
2024-12-12 16:28:48,710.765625
2024-12-12 16:28:53,710.765625
2024-12-12 16:28:58,710.765625
2024-12-12 16:29:03,710.765625
2024-12-12 16:29:08,710.765625
2024-12-12 16:29:13,710.85546875
2024-12-12 16:29:18,710.85546875
2024-12-12 16:29:23,710.85546875
2024-12-12 16:29:28,710.85546875
2024-12-12 16:29:33,710.85546875
2024-12-12 16:29:38,710.85546875
2024-12-12 16:29:43,710.85546875
2024-12-12 16:29:48,710.85546875
2024-12-12 16:29:53,710.85546875
2024-12-12 16:29:58,710.85546875
2024-12-12 16:30:03,710.85546875
2024-12-12 16:30:08,710.85546875
2024-12-12 16:30:13,710.921875
2024-12-12 16:30:18,710.921875
2024-12-12 16:30:23,710.921875
2024-12-12 16:30:28,710.921875
2024-12-12 16:30:33,710.921875
2024-12-12 16:30:38,710.921875
2024-12-12 16:30:43,710.921875
2024-12-12 16:30:48,710.921875
2024-12-12 16:30:53,710.921875
2024-12-12 16:30:58,710.921875
2024-12-12 16:31:03,710.921875
2024-12-12 16:31:08,710.921875
2024-12-12 16:31:13,710.953125
2024-12-12 16:31:18,710.953125
2024-12-12 16:31:23,710.953125
2024-12-12 16:31:28,710.953125
2024-12-12 16:31:33,710.953125
2024-12-12 16:31:38,710.953125
2024-12-12 16:31:43,710.953125
2024-12-12 16:31:48,710.953125
2024-12-12 16:31:53,710.953125
2024-12-12 16:31:58,710.953125
2024-12-12 16:32:03,710.953125
2024-12-12 16:32:08,710.953125
2024-12-12 16:32:13,710.98828125
2024-12-12 16:32:18,710.98828125
2024-12-12 16:32:23,710.98828125
2024-12-12 16:32:28,710.98828125
2024-12-12 16:32:33,710.98828125
2024-12-12 16:32:38,710.98828125
2024-12-12 16:32:43,710.98828125
2024-12-12 16:32:48,710.98828125
2024-12-12 16:32:53,710.98828125
2024-12-12 16:32:58,710.98828125
2024-12-12 16:33:03,710.98828125
2024-12-12 16:33:08,710.98828125
2024-12-12 16:33:13,711.0546875
2024-12-12 16:33:18,711.0546875
2024-12-12 16:33:23,711.0546875
2024-12-12 16:33:28,711.0546875
2024-12-12 16:33:33,711.0546875
2024-12-12 16:33:38,711.0546875
2024-12-12 16:33:43,711.0546875
2024-12-12 16:33:48,711.0546875
2024-12-12 16:33:53,711.0546875
2024-12-12 16:33:58,711.0546875
2024-12-12 16:34:03,711.0546875
2024-12-12 16:34:08,711.0546875
2024-12-12 16:34:13,711.11328125
2024-12-12 16:34:18,711.11328125
2024-12-12 16:34:23,711.11328125
2024-12-12 16:34:28,711.11328125
2024-12-12 16:34:33,711.11328125
2024-12-12 16:34:38,711.11328125
2024-12-12 16:34:43,711.11328125
2024-12-12 16:34:48,711.11328125
2024-12-12 16:34:53,711.11328125
2024-12-12 16:34:58,711.11328125
2024-12-12 16:35:03,711.11328125
2024-12-12 16:35:08,711.11328125
2024-12-12 16:35:13,711.1484375
2024-12-12 16:35:18,711.1484375
2024-12-12 16:35:23,711.1484375
2024-12-12 16:35:28,711.1484375
2024-12-12 16:35:33,711.1484375
2024-12-12 16:35:38,711.1484375
2024-12-12 16:35:43,711.1484375
2024-12-12 16:35:48,711.1484375
2024-12-12 16:35:53,711.1484375
2024-12-12 16:35:58,711.1484375
2024-12-12 16:36:03,711.1484375
2024-12-12 16:36:08,711.1484375
2024-12-12 16:36:13,711.19140625
2024-12-12 16:36:18,711.19140625
2024-12-12 16:36:23,711.19140625
2024-12-12 16:36:28,711.19140625
2024-12-12 16:36:33,711.19140625
2024-12-12 16:36:38,711.19140625
2024-12-12 16:36:43,711.19140625
2024-12-12 16:36:48,711.19140625
2024-12-12 16:36:53,711.19140625
2024-12-12 16:36:58,711.19140625
2024-12-12 16:37:03,711.19140625
2024-12-12 16:37:08,711.19140625
2024-12-12 16:37:13,711.23828125
2024-12-12 16:37:18,711.23828125
2024-12-12 16:37:23,711.23828125
2024-12-12 16:37:28,711.23828125
2024-12-12 16:37:33,711.23828125
2024-12-12 16:37:38,711.23828125
2024-12-12 16:37:43,711.23828125
2024-12-12 16:37:48,711.23828125
2024-12-12 16:37:53,711.23828125
2024-12-12 16:37:58,711.23828125
2024-12-12 16:38:03,711.23828125
2024-12-12 16:38:08,711.23828125
2024-12-12 16:38:13,711.28125
2024-12-12 16:38:18,711.28125
2024-12-12 16:38:23,711.28125
2024-12-12 16:38:28,711.28125
2024-12-12 16:38:33,711.28125
2024-12-12 16:38:38,711.28125
2024-12-12 16:38:43,711.28125
2024-12-12 16:38:48,711.28125
2024-12-12 16:38:53,711.28125
2024-12-12 16:38:58,711.28125
2024-12-12 16:39:03,711.28125
2024-12-12 16:39:08,711.28125
2024-12-12 16:39:13,711.296875
2024-12-12 16:39:18,711.296875
2024-12-12 16:39:23,711.296875
2024-12-12 16:39:28,711.296875
2024-12-12 16:39:33,711.296875
2024-12-12 16:39:38,711.296875
2024-12-12 16:39:43,711.296875
2024-12-12 16:39:48,711.296875
2024-12-12 16:39:53,711.296875
2024-12-12 16:39:58,711.296875
2024-12-12 16:40:03,711.296875
2024-12-12 16:40:08,711.296875
2024-12-12 16:40:13,711.33203125
2024-12-12 16:40:18,711.33203125
2024-12-12 16:40:23,711.33203125
2024-12-12 16:40:28,711.33203125
2024-12-12 16:40:33,711.33203125
2024-12-12 16:40:38,711.33203125
2024-12-12 16:40:43,711.33203125
2024-12-12 16:40:48,711.33203125
2024-12-12 16:40:53,711.33203125
2024-12-12 16:40:58,711.33203125
2024-12-12 16:41:03,711.33203125
2024-12-12 16:41:08,711.33203125
2024-12-12 16:41:13,711.3984375
2024-12-12 16:41:18,711.3984375
2024-12-12 16:41:23,711.3984375
2024-12-12 16:41:28,711.3984375
2024-12-12 16:41:33,711.3984375
2024-12-12 16:41:38,711.3984375
2024-12-12 16:41:43,711.3984375
2024-12-12 16:41:48,711.3984375
2024-12-12 16:41:53,711.3984375
2024-12-12 16:41:58,711.3984375
2024-12-12 16:42:03,711.3984375
2024-12-12 16:42:08,711.3984375
2024-12-12 16:42:13,711.41796875
2024-12-12 16:42:18,711.41796875
2024-12-12 16:42:23,711.41796875
2024-12-12 16:42:28,711.41796875
2024-12-12 16:42:33,711.41796875
2024-12-12 16:42:38,711.41796875
2024-12-12 16:42:43,711.41796875
2024-12-12 16:42:48,711.41796875
2024-12-12 16:42:53,711.41796875
2024-12-12 16:42:58,711.41796875
2024-12-12 16:43:03,711.41796875
2024-12-12 16:43:08,711.41796875
2024-12-12 16:43:13,711.5
2024-12-12 16:43:18,711.5
2024-12-12 16:43:23,711.5
2024-12-12 16:43:28,711.5
2024-12-12 16:43:33,711.5
2024-12-12 16:43:38,711.5
2024-12-12 16:43:43,711.5
2024-12-12 16:43:48,711.5
2024-12-12 16:43:53,711.5
2024-12-12 16:43:58,711.5
2024-12-12 16:44:03,711.5
2024-12-12 16:44:08,711.5
2024-12-12 16:44:13,711.53515625
2024-12-12 16:44:18,711.53515625
2024-12-12 16:44:23,711.53515625
2024-12-12 16:44:28,711.53515625
2024-12-12 16:44:33,711.53515625
2024-12-12 16:44:38,711.53515625
2024-12-12 16:44:43,711.53515625
2024-12-12 16:44:48,711.53515625
2024-12-12 16:44:53,711.53515625
2024-12-12 16:44:58,711.53515625
2024-12-12 16:45:03,711.53515625
2024-12-12 16:45:08,711.53515625
2024-12-12 16:45:13,711.57421875
2024-12-12 16:45:18,711.57421875
2024-12-12 16:45:23,711.57421875
2024-12-12 16:45:28,711.57421875
2024-12-12 16:45:33,711.57421875
2024-12-12 16:45:38,711.57421875
2024-12-12 16:45:43,711.57421875
2024-12-12 16:45:48,711.57421875
2024-12-12 16:45:53,711.57421875
2024-12-12 16:45:58,711.57421875
2024-12-12 16:46:03,711.57421875
2024-12-12 16:46:08,711.57421875
2024-12-12 16:46:13,711.59375
2024-12-12 16:46:18,711.59375
2024-12-12 16:46:23,711.59375
2024-12-12 16:46:28,711.59375
2024-12-12 16:46:33,711.59375
2024-12-12 16:46:38,711.59375
2024-12-12 16:46:43,711.59375
2024-12-12 16:46:48,711.59375
2024-12-12 16:46:53,711.59375
2024-12-12 16:46:58,711.59375
2024-12-12 16:47:03,711.59375
2024-12-12 16:47:08,711.59375
2024-12-12 16:47:13,711.62109375
2024-12-12 16:47:18,711.62109375
2024-12-12 16:47:23,711.62109375
2024-12-12 16:47:28,711.62109375
2024-12-12 16:47:33,711.62109375
2024-12-12 16:47:38,711.62109375
2024-12-12 16:47:43,711.62109375
2024-12-12 16:47:48,711.62109375
2024-12-12 16:47:53,711.62109375
2024-12-12 16:47:58,711.62109375
2024-12-12 16:48:03,711.62109375
2024-12-12 16:48:08,711.62109375
2024-12-12 16:48:13,711.6875
2024-12-12 16:48:18,711.6875
2024-12-12 16:48:23,711.6875
2024-12-12 16:48:28,711.6875
2024-12-12 16:48:33,711.6875
2024-12-12 16:48:38,711.6875
2024-12-12 16:48:43,711.6875
2024-12-12 16:48:48,711.6875
2024-12-12 16:48:53,711.6875
2024-12-12 16:48:58,711.6875
2024-12-12 16:49:03,711.6875
2024-12-12 16:49:08,711.6875
2024-12-12 16:49:13,711.7109375
2024-12-12 16:49:18,711.7109375
2024-12-12 16:49:23,711.7109375
2024-12-12 16:49:28,711.7109375
2024-12-12 16:49:33,711.7109375
2024-12-12 16:49:38,711.7109375
2024-12-12 16:49:43,711.7109375
2024-12-12 16:49:48,711.7109375
2024-12-12 16:49:53,711.7109375
2024-12-12 16:49:58,711.7109375
2024-12-12 16:50:03,711.7109375
2024-12-12 16:50:08,711.7109375
2024-12-12 16:50:13,711.7265625
2024-12-12 16:50:18,711.7265625
2024-12-12 16:50:23,711.7265625
2024-12-12 16:50:28,711.7265625
2024-12-12 16:50:33,711.7265625
2024-12-12 16:50:38,711.7265625
2024-12-12 16:50:43,711.7265625
2024-12-12 16:50:48,711.7265625
2024-12-12 16:50:53,711.7265625
2024-12-12 16:50:58,711.7265625
2024-12-12 16:51:03,711.7265625
2024-12-12 16:51:08,711.7265625
2024-12-12 16:51:13,714.28515625
2024-12-12 16:51:18,714.28515625
2024-12-12 16:51:23,714.28515625
2024-12-12 16:51:28,714.28515625
2024-12-12 16:51:33,714.28515625
2024-12-12 16:51:38,714.28515625
2024-12-12 16:51:43,714.28515625
2024-12-12 16:51:48,714.28515625
2024-12-12 16:51:53,714.28515625
2024-12-12 16:51:58,714.28515625
2024-12-12 16:52:03,714.28515625
2024-12-12 16:52:08,714.28515625
2024-12-12 16:52:13,726.46484375
2024-12-12 16:52:18,726.46484375
2024-12-12 16:52:23,726.46484375
2024-12-12 16:52:28,726.46484375
2024-12-12 16:52:33,726.46484375
2024-12-12 16:52:38,726.46484375
2024-12-12 16:52:43,726.46484375
2024-12-12 16:52:48,726.46484375
2024-12-12 16:52:53,726.46484375
2024-12-12 16:52:58,726.46484375
2024-12-12 16:53:03,726.46484375
2024-12-12 16:53:08,726.46484375
2024-12-12 16:53:13,730.484375
2024-12-12 16:53:18,730.484375
2024-12-12 16:53:23,730.484375
2024-12-12 16:53:28,730.484375
2024-12-12 16:53:33,730.484375
2024-12-12 16:53:38,730.484375
2024-12-12 16:53:43,730.484375
2024-12-12 16:53:48,730.484375
2024-12-12 16:53:53,730.484375
2024-12-12 16:53:58,730.484375
2024-12-12 16:54:03,730.484375
2024-12-12 16:54:08,730.484375
2024-12-12 16:54:13,708.296875
2024-12-12 16:54:18,708.296875
2024-12-12 16:54:23,708.296875
2024-12-12 16:54:28,708.296875
2024-12-12 16:54:33,708.296875
2024-12-12 16:54:38,708.296875
2024-12-12 16:54:43,708.296875
2024-12-12 16:54:48,708.296875
2024-12-12 16:54:53,708.296875
2024-12-12 16:54:58,708.296875
2024-12-12 16:55:03,708.296875
2024-12-12 16:55:08,708.296875
2024-12-12 16:55:13,704.2734375
2024-12-12 16:55:18,704.2734375
2024-12-12 16:55:23,704.2734375
2024-12-12 16:55:28,704.2734375
2024-12-12 16:55:33,704.2734375
2024-12-12 16:55:38,704.2734375
2024-12-12 16:55:43,704.2734375
2024-12-12 16:55:48,704.2734375
2024-12-12 16:55:53,704.2734375
2024-12-12 16:55:58,704.2734375
2024-12-12 16:56:03,704.2734375
2024-12-12 16:56:08,704.2734375
2024-12-12 16:56:13,702.14453125
2024-12-12 16:56:18,702.14453125
2024-12-12 16:56:23,702.14453125
2024-12-12 16:56:28,702.14453125
2024-12-12 16:56:33,702.14453125
2024-12-12 16:56:38,702.14453125
2024-12-12 16:56:43,702.14453125
2024-12-12 16:56:48,702.14453125
2024-12-12 16:56:53,702.14453125
2024-12-12 16:56:58,702.14453125
2024-12-12 16:57:03,702.14453125
2024-12-12 16:57:08,702.14453125
2024-12-12 16:57:13,699.89453125
2024-12-12 16:57:18,699.89453125
2024-12-12 16:57:23,699.89453125
2024-12-12 16:57:28,699.89453125
2024-12-12 16:57:33,699.89453125
2024-12-12 16:57:38,699.89453125
2024-12-12 16:57:43,699.89453125
2024-12-12 16:57:48,699.89453125
2024-12-12 16:57:53,699.89453125
2024-12-12 16:57:58,699.89453125
2024-12-12 16:58:03,699.89453125
2024-12-12 16:58:08,699.89453125
2024-12-12 16:58:13,696.04296875
2024-12-12 16:58:18,696.04296875
2024-12-12 16:58:23,696.04296875
2024-12-12 16:58:28,696.04296875
2024-12-12 16:58:33,696.04296875
2024-12-12 16:58:38,696.04296875
2024-12-12 16:58:43,696.04296875
2024-12-12 16:58:48,696.04296875
2024-12-12 16:58:53,696.04296875
2024-12-12 16:58:58,696.04296875
2024-12-12 16:59:03,696.04296875
2024-12-12 16:59:08,696.04296875
2024-12-12 16:59:13,683.57421875
2024-12-12 16:59:18,683.57421875
2024-12-12 16:59:23,683.57421875
2024-12-12 16:59:28,683.57421875
2024-12-12 16:59:33,683.57421875
2024-12-12 16:59:38,683.57421875
2024-12-12 16:59:43,683.57421875
2024-12-12 16:59:48,683.57421875
2024-12-12 16:59:53,683.57421875
2024-12-12 16:59:58,683.57421875
2024-12-12 17:00:03,683.57421875
2024-12-12 17:00:08,683.57421875
2024-12-12 17:00:13,654.1484375
2024-12-12 17:00:18,654.1484375
2024-12-12 17:00:23,654.1484375
2024-12-12 17:00:28,654.1484375
2024-12-12 17:00:33,654.1484375
2024-12-12 17:00:38,654.1484375
2024-12-12 17:00:43,654.1484375
2024-12-12 17:00:48,654.1484375
2024-12-12 17:00:53,654.1484375
2024-12-12 17:00:58,654.1484375
2024-12-12 17:01:03,654.1484375
2024-12-12 17:01:08,654.1484375
2024-12-12 17:01:13,655.046875
2024-12-12 17:01:18,655.046875
2024-12-12 17:01:23,655.046875
2024-12-12 17:01:28,655.046875
2024-12-12 17:01:33,655.046875
2024-12-12 17:01:38,655.046875
2024-12-12 17:01:43,655.046875
2024-12-12 17:01:48,655.046875
2024-12-12 17:01:53,655.046875
2024-12-12 17:01:58,655.046875
2024-12-12 17:02:03,655.046875
2024-12-12 17:02:08,655.046875
2024-12-12 17:02:13,656.7578125
2024-12-12 17:02:18,656.7578125
2024-12-12 17:02:23,656.7578125
2024-12-12 17:02:28,656.7578125
2024-12-12 17:02:33,656.7578125
2024-12-12 17:02:38,656.7578125
2024-12-12 17:02:43,656.7578125
2024-12-12 17:02:48,656.7578125
2024-12-12 17:02:53,656.7578125
2024-12-12 17:02:58,656.7578125
2024-12-12 17:03:03,656.7578125
2024-12-12 17:03:08,656.7578125
2024-12-12 17:03:13,656.96484375
2024-12-12 17:03:18,656.96484375
2024-12-12 17:03:23,656.96484375
2024-12-12 17:03:28,656.96484375
2024-12-12 17:03:33,656.96484375
2024-12-12 17:03:38,656.96484375
2024-12-12 17:03:43,656.96484375
2024-12-12 17:03:48,656.96484375
2024-12-12 17:03:53,656.96484375
2024-12-12 17:03:58,656.96484375
2024-12-12 17:04:03,656.96484375
2024-12-12 17:04:08,656.96484375
2024-12-12 17:04:13,657.05859375
2024-12-12 17:04:18,657.05859375
2024-12-12 17:04:23,657.05859375
2024-12-12 17:04:28,657.05859375
2024-12-12 17:04:33,657.05859375
2024-12-12 17:04:38,657.05859375
2024-12-12 17:04:43,657.05859375
2024-12-12 17:04:48,657.05859375
2024-12-12 17:04:53,657.05859375
2024-12-12 17:04:58,657.05859375
2024-12-12 17:05:03,657.05859375
2024-12-12 17:05:08,657.05859375
2024-12-12 17:05:13,657.2421875
2024-12-12 17:05:18,657.2421875
2024-12-12 17:05:23,657.2421875
2024-12-12 17:05:28,657.2421875
2024-12-12 17:05:33,657.2421875
2024-12-12 17:05:38,657.2421875
2024-12-12 17:05:43,657.2421875
2024-12-12 17:05:48,657.2421875
2024-12-12 17:05:53,657.2421875
2024-12-12 17:05:58,657.2421875
2024-12-12 17:06:03,657.2421875
2024-12-12 17:06:08,657.2421875
2024-12-12 17:06:13,657.2578125
2024-12-12 17:06:18,657.2578125
2024-12-12 17:06:23,657.2578125
2024-12-12 17:06:28,657.2578125
2024-12-12 17:06:33,657.2578125
2024-12-12 17:06:38,657.2578125
2024-12-12 17:06:43,657.2578125
2024-12-12 17:06:48,657.2578125
2024-12-12 17:06:53,657.2578125
2024-12-12 17:06:58,657.2578125
2024-12-12 17:07:03,657.2578125
2024-12-12 17:07:08,657.2578125
2024-12-12 17:07:13,657.33203125
2024-12-12 17:07:18,657.33203125
2024-12-12 17:07:23,657.33203125
2024-12-12 17:07:28,657.33203125
2024-12-12 17:07:33,657.33203125
2024-12-12 17:07:38,657.33203125
2024-12-12 17:07:43,657.33203125
2024-12-12 17:07:48,657.33203125
2024-12-12 17:07:53,657.33203125
2024-12-12 17:07:58,657.33203125
2024-12-12 17:08:03,657.33203125
2024-12-12 17:08:08,657.33203125
2024-12-12 17:08:13,657.37890625
2024-12-12 17:08:18,657.37890625
2024-12-12 17:08:23,657.37890625
2024-12-12 17:08:28,657.37890625
2024-12-12 17:08:33,657.37890625
2024-12-12 17:08:38,657.37890625
2024-12-12 17:08:43,657.37890625
2024-12-12 17:08:48,657.37890625
2024-12-12 17:08:53,657.37890625
2024-12-12 17:08:58,657.37890625
2024-12-12 17:09:03,657.37890625
2024-12-12 17:09:08,657.37890625
2024-12-12 17:09:13,657.41796875
2024-12-12 17:09:18,657.41796875
2024-12-12 17:09:23,657.41796875
2024-12-12 17:09:28,657.41796875
2024-12-12 17:09:33,657.41796875
2024-12-12 17:09:38,657.41796875
2024-12-12 17:09:43,657.41796875
2024-12-12 17:09:48,657.41796875
2024-12-12 17:09:53,657.41796875
2024-12-12 17:09:58,657.41796875
2024-12-12 17:10:03,657.41796875
2024-12-12 17:10:08,657.41796875
2024-12-12 17:10:13,657.4921875
2024-12-12 17:10:18,657.4921875
2024-12-12 17:10:23,657.4921875
2024-12-12 17:10:28,657.4921875
2024-12-12 17:10:33,657.4921875
2024-12-12 17:10:38,657.4921875
2024-12-12 17:10:43,657.4921875
2024-12-12 17:10:48,657.4921875
2024-12-12 17:10:53,657.4921875
2024-12-12 17:10:58,657.4921875
2024-12-12 17:11:03,657.4921875
2024-12-12 17:11:08,657.4921875
2024-12-12 17:11:13,657.53515625
2024-12-12 17:11:18,657.53515625
2024-12-12 17:11:23,657.53515625
2024-12-12 17:11:28,657.53515625
2024-12-12 17:11:33,657.53515625
2024-12-12 17:11:38,657.53515625
2024-12-12 17:11:43,657.53515625
2024-12-12 17:11:48,657.53515625
2024-12-12 17:11:53,657.53515625
2024-12-12 17:11:58,657.53515625
2024-12-12 17:12:03,657.53515625
2024-12-12 17:12:08,657.53515625
2024-12-12 17:12:13,657.60546875
2024-12-12 17:12:18,657.60546875
2024-12-12 17:12:23,657.60546875
2024-12-12 17:12:28,657.60546875
2024-12-12 17:12:33,657.60546875
2024-12-12 17:12:38,657.60546875
2024-12-12 17:12:43,657.60546875
2024-12-12 17:12:48,657.60546875
2024-12-12 17:12:53,657.60546875
2024-12-12 17:12:58,657.60546875
2024-12-12 17:13:03,657.60546875
2024-12-12 17:13:08,657.60546875
2024-12-12 17:13:13,658.10546875
2024-12-12 17:13:18,658.10546875
2024-12-12 17:13:23,658.10546875
2024-12-12 17:13:28,658.10546875
2024-12-12 17:13:33,658.10546875
2024-12-12 17:13:38,658.10546875
2024-12-12 17:13:43,658.10546875
2024-12-12 17:13:48,658.10546875
2024-12-12 17:13:53,658.10546875
2024-12-12 17:13:58,658.10546875
2024-12-12 17:14:03,658.10546875
2024-12-12 17:14:08,658.10546875
2024-12-12 17:14:13,658.41796875
2024-12-12 17:14:18,658.41796875
2024-12-12 17:14:23,658.41796875
2024-12-12 17:14:28,658.41796875
2024-12-12 17:14:33,658.41796875
2024-12-12 17:14:38,658.41796875
2024-12-12 17:14:43,658.41796875
2024-12-12 17:14:48,658.41796875
2024-12-12 17:14:53,658.41796875
2024-12-12 17:14:58,658.41796875
2024-12-12 17:15:03,658.41796875
2024-12-12 17:15:08,658.41796875
2024-12-12 17:15:13,658.4453125
2024-12-12 17:15:18,658.4453125
2024-12-12 17:15:23,658.4453125
2024-12-12 17:15:28,658.4453125
2024-12-12 17:15:33,658.4453125
2024-12-12 17:15:38,658.4453125
2024-12-12 17:15:43,658.4453125
2024-12-12 17:15:48,658.4453125
2024-12-12 17:15:53,658.4453125
2024-12-12 17:15:58,658.4453125
2024-12-12 17:16:03,658.4453125
2024-12-12 17:16:08,658.4453125
2024-12-12 17:16:13,658.73046875
2024-12-12 17:16:18,658.73046875
2024-12-12 17:16:23,658.73046875
2024-12-12 17:16:28,658.73046875
2024-12-12 17:16:33,658.73046875
2024-12-12 17:16:38,658.73046875
2024-12-12 17:16:43,658.73046875
2024-12-12 17:16:48,658.73046875
2024-12-12 17:16:53,658.73046875
2024-12-12 17:16:58,658.73046875
2024-12-12 17:17:03,658.73046875
2024-12-12 17:17:08,658.73046875
2024-12-12 17:17:13,659.59375
2024-12-12 17:17:18,659.59375
2024-12-12 17:17:23,659.59375
2024-12-12 17:17:28,659.59375
2024-12-12 17:17:33,659.59375
2024-12-12 17:17:38,659.59375
2024-12-12 17:17:43,659.59375
2024-12-12 17:17:48,659.59375
2024-12-12 17:17:53,659.59375
2024-12-12 17:17:58,659.59375
2024-12-12 17:18:03,659.59375
2024-12-12 17:18:08,659.59375
2024-12-12 17:18:13,659.65234375
2024-12-12 17:18:18,659.65234375
2024-12-12 17:18:23,659.65234375
2024-12-12 17:18:28,659.65234375
2024-12-12 17:18:33,659.65234375
2024-12-12 17:18:38,659.65234375
2024-12-12 17:18:43,659.65234375
2024-12-12 17:18:48,659.65234375
2024-12-12 17:18:53,659.65234375
2024-12-12 17:18:58,659.65234375
2024-12-12 17:19:03,659.65234375
2024-12-12 17:19:08,659.65234375
2024-12-12 17:19:13,659.7578125
2024-12-12 17:19:18,659.7578125
2024-12-12 17:19:23,659.7578125
2024-12-12 17:19:28,659.7578125
2024-12-12 17:19:33,659.7578125
2024-12-12 17:19:38,659.7578125
2024-12-12 17:19:43,659.7578125
2024-12-12 17:19:48,659.7578125
2024-12-12 17:19:53,659.7578125
2024-12-12 17:19:58,659.7578125
2024-12-12 17:20:03,659.7578125
2024-12-12 17:20:08,659.7578125
2024-12-12 17:20:13,659.81640625
2024-12-12 17:20:18,659.81640625
2024-12-12 17:20:23,659.81640625
2024-12-12 17:20:28,659.81640625
2024-12-12 17:20:33,659.81640625
2024-12-12 17:20:38,659.81640625
2024-12-12 17:20:43,659.81640625
2024-12-12 17:20:48,659.81640625
2024-12-12 17:20:53,659.81640625
2024-12-12 17:20:58,659.81640625
2024-12-12 17:21:03,659.81640625
2024-12-12 17:21:08,659.81640625
2024-12-12 17:21:13,659.85546875
2024-12-12 17:21:18,659.85546875
2024-12-12 17:21:23,659.85546875
2024-12-12 17:21:28,659.85546875
2024-12-12 17:21:33,659.85546875
2024-12-12 17:21:38,659.85546875
2024-12-12 17:21:43,659.85546875
2024-12-12 17:21:48,659.85546875
2024-12-12 17:21:53,659.85546875
2024-12-12 17:21:58,659.85546875
2024-12-12 17:22:03,659.85546875
2024-12-12 17:22:08,659.85546875
2024-12-12 17:22:13,659.921875
2024-12-12 17:22:18,659.921875
2024-12-12 17:22:23,659.921875
2024-12-12 17:22:28,659.921875
2024-12-12 17:22:33,659.921875
2024-12-12 17:22:38,659.921875
2024-12-12 17:22:43,659.921875
2024-12-12 17:22:48,659.921875
2024-12-12 17:22:53,659.921875
2024-12-12 17:22:58,659.921875
2024-12-12 17:23:03,659.921875
2024-12-12 17:23:08,659.921875
2024-12-12 17:23:13,659.94921875
2024-12-12 17:23:18,659.94921875
2024-12-12 17:23:23,659.94921875
2024-12-12 17:23:28,659.94921875
2024-12-12 17:23:33,659.94921875
2024-12-12 17:23:38,659.94921875
2024-12-12 17:23:43,659.94921875
2024-12-12 17:23:48,659.94921875
2024-12-12 17:23:53,659.94921875
2024-12-12 17:23:58,659.94921875
2024-12-12 17:24:03,659.94921875
2024-12-12 17:24:08,659.94921875
2024-12-12 17:24:13,660.03125
2024-12-12 17:24:18,660.03125
2024-12-12 17:24:23,660.03125
2024-12-12 17:24:28,660.03125
2024-12-12 17:24:33,660.03125
2024-12-12 17:24:38,660.03125
2024-12-12 17:24:43,660.03125
2024-12-12 17:24:48,660.03125
2024-12-12 17:24:53,660.03125
2024-12-12 17:24:58,660.03125
2024-12-12 17:25:03,660.03125
2024-12-12 17:25:08,660.03125
2024-12-12 17:25:13,660.1328125
2024-12-12 17:25:18,660.1328125
2024-12-12 17:25:23,660.1328125
2024-12-12 17:25:28,660.1328125
2024-12-12 17:25:33,660.1328125
2024-12-12 17:25:38,660.1328125
2024-12-12 17:25:43,660.1328125
2024-12-12 17:25:48,660.1328125
2024-12-12 17:25:53,660.1328125
2024-12-12 17:25:58,660.1328125
2024-12-12 17:26:03,660.1328125
2024-12-12 17:26:08,660.1328125
2024-12-12 17:26:13,660.1875
2024-12-12 17:26:18,660.1875
2024-12-12 17:26:23,660.1875
2024-12-12 17:26:28,660.1875
2024-12-12 17:26:33,660.1875
2024-12-12 17:26:38,660.1875
2024-12-12 17:26:43,660.1875
2024-12-12 17:26:48,660.1875
2024-12-12 17:26:53,660.1875
2024-12-12 17:26:58,660.1875
2024-12-12 17:27:03,660.1875
2024-12-12 17:27:08,660.1875
2024-12-12 17:27:13,660.2265625
2024-12-12 17:27:18,660.2265625
2024-12-12 17:27:23,660.2265625
2024-12-12 17:27:28,660.2265625
2024-12-12 17:27:33,660.2265625
2024-12-12 17:27:38,660.2265625
2024-12-12 17:27:43,660.2265625
2024-12-12 17:27:48,660.2265625
2024-12-12 17:27:53,660.2265625
2024-12-12 17:27:58,660.2265625
2024-12-12 17:28:03,660.2265625
2024-12-12 17:28:08,660.2265625
2024-12-12 17:28:13,660.4375
2024-12-12 17:28:18,660.4375
2024-12-12 17:28:23,660.4375
2024-12-12 17:28:28,660.4375
2024-12-12 17:28:33,660.4375
2024-12-12 17:28:38,660.4375
2024-12-12 17:28:43,660.4375
2024-12-12 17:28:48,660.4375
2024-12-12 17:28:53,660.4375
2024-12-12 17:28:58,660.4375
2024-12-12 17:29:03,660.4375
2024-12-12 17:29:08,660.4375
2024-12-12 17:29:13,660.546875
2024-12-12 17:29:18,660.546875
2024-12-12 17:29:23,660.546875
2024-12-12 17:29:28,660.546875
2024-12-12 17:29:33,660.546875
2024-12-12 17:29:38,660.546875
2024-12-12 17:29:43,660.546875
2024-12-12 17:29:48,660.546875
2024-12-12 17:29:53,660.546875
2024-12-12 17:29:58,660.546875
2024-12-12 17:30:03,660.546875
2024-12-12 17:30:08,660.546875
2024-12-12 17:30:13,660.609375
2024-12-12 17:30:18,660.609375
2024-12-12 17:30:23,660.609375
2024-12-12 17:30:28,660.609375
2024-12-12 17:30:33,660.609375
2024-12-12 17:30:38,660.609375
2024-12-12 17:30:43,660.609375
2024-12-12 17:30:48,660.609375
2024-12-12 17:30:53,660.609375
2024-12-12 17:30:58,660.609375
2024-12-12 17:31:03,660.609375
2024-12-12 17:31:08,660.609375
2024-12-12 17:31:13,660.64453125
2024-12-12 17:31:18,660.64453125
2024-12-12 17:31:23,660.64453125
2024-12-12 17:31:28,660.64453125
2024-12-12 17:31:33,660.64453125
2024-12-12 17:31:38,660.64453125
2024-12-12 17:31:43,660.64453125
2024-12-12 17:31:48,660.64453125
2024-12-12 17:31:53,660.64453125
2024-12-12 17:31:58,660.64453125
2024-12-12 17:32:03,660.64453125
2024-12-12 17:32:08,660.64453125
2024-12-12 17:32:13,660.765625
2024-12-12 17:32:18,660.765625
2024-12-12 17:32:23,660.765625
2024-12-12 17:32:28,660.765625
2024-12-12 17:32:33,660.765625
2024-12-12 17:32:38,660.765625
2024-12-12 17:32:43,660.765625
2024-12-12 17:32:48,660.765625
2024-12-12 17:32:53,660.765625
2024-12-12 17:32:58,660.765625
2024-12-12 17:33:03,660.765625
2024-12-12 17:33:08,660.765625
2024-12-12 17:33:13,660.7890625
2024-12-12 17:33:18,660.7890625
2024-12-12 17:33:23,660.7890625
2024-12-12 17:33:28,660.7890625
2024-12-12 17:33:33,660.7890625
2024-12-12 17:33:38,660.7890625
2024-12-12 17:33:43,660.7890625
2024-12-12 17:33:48,660.7890625
2024-12-12 17:33:53,660.7890625
2024-12-12 17:33:58,660.7890625
2024-12-12 17:34:03,660.7890625
2024-12-12 17:34:08,660.7890625
2024-12-12 17:34:13,660.84375
2024-12-12 17:34:18,660.84375
2024-12-12 17:34:23,660.84375
2024-12-12 17:34:28,660.84375
2024-12-12 17:34:33,660.84375
2024-12-12 17:34:38,660.84375
2024-12-12 17:34:43,660.84375
2024-12-12 17:34:48,660.84375
2024-12-12 17:34:53,660.84375
2024-12-12 17:34:58,660.84375
2024-12-12 17:35:03,660.84375
2024-12-12 17:35:08,660.84375
2024-12-12 17:35:13,661.84375
2024-12-12 17:35:18,661.84375
2024-12-12 17:35:23,661.84375
2024-12-12 17:35:28,661.84375
2024-12-12 17:35:33,661.84375
2024-12-12 17:35:38,661.84375
2024-12-12 17:35:43,661.84375
2024-12-12 17:35:48,661.84375
2024-12-12 17:35:53,661.84375
2024-12-12 17:35:58,661.84375
2024-12-12 17:36:03,661.84375
2024-12-12 17:36:08,661.84375
2024-12-12 17:36:13,661.86328125
2024-12-12 17:36:18,661.86328125
2024-12-12 17:36:23,661.86328125
2024-12-12 17:36:28,661.86328125
2024-12-12 17:36:33,661.86328125
2024-12-12 17:36:38,661.86328125
2024-12-12 17:36:43,661.86328125
2024-12-12 17:36:48,661.86328125
2024-12-12 17:36:53,661.86328125
2024-12-12 17:36:58,661.86328125
2024-12-12 17:37:03,661.86328125
2024-12-12 17:37:08,661.86328125
2024-12-12 17:37:13,661.91015625
2024-12-12 17:37:18,661.91015625
2024-12-12 17:37:23,661.91015625
2024-12-12 17:37:28,661.91015625
2024-12-12 17:37:33,661.91015625
2024-12-12 17:37:38,661.91015625
2024-12-12 17:37:43,661.91015625
2024-12-12 17:37:48,661.91015625
2024-12-12 17:37:53,661.91015625
2024-12-12 17:37:58,661.91015625
2024-12-12 17:38:03,661.91015625
2024-12-12 17:38:08,661.91015625
2024-12-12 17:38:13,675.1640625
2024-12-12 17:38:18,675.1640625
2024-12-12 17:38:23,675.1640625
2024-12-12 17:38:28,675.1640625
2024-12-12 17:38:33,675.1640625
2024-12-12 17:38:38,675.1640625
2024-12-12 17:38:43,675.1640625
2024-12-12 17:38:48,675.1640625
2024-12-12 17:38:53,675.1640625
2024-12-12 17:38:58,675.1640625
2024-12-12 17:39:03,675.1640625
2024-12-12 17:39:08,675.1640625
2024-12-12 17:39:13,702.16015625
2024-12-12 17:39:18,702.16015625
2024-12-12 17:39:23,702.16015625
2024-12-12 17:39:28,702.16015625
2024-12-12 17:39:33,702.16015625
2024-12-12 17:39:38,702.16015625
2024-12-12 17:39:43,702.16015625
2024-12-12 17:39:48,702.16015625
2024-12-12 17:39:53,702.16015625
2024-12-12 17:39:58,702.16015625
2024-12-12 17:40:03,702.16015625
2024-12-12 17:40:08,702.16015625
2024-12-12 17:40:13,705.3671875
2024-12-12 17:40:18,705.3671875
2024-12-12 17:40:23,705.3671875
2024-12-12 17:40:28,705.3671875
2024-12-12 17:40:33,705.3671875
2024-12-12 17:40:38,705.3671875
2024-12-12 17:40:43,705.3671875
2024-12-12 17:40:48,705.3671875
2024-12-12 17:40:53,705.3671875
2024-12-12 17:40:58,705.3671875
2024-12-12 17:41:03,705.3671875
2024-12-12 17:41:08,705.3671875
2024-12-12 17:41:13,706.4453125
2024-12-12 17:41:18,706.4453125
2024-12-12 17:41:23,706.4453125
2024-12-12 17:41:28,706.4453125
2024-12-12 17:41:33,706.4453125
2024-12-12 17:41:38,706.4453125
2024-12-12 17:41:43,706.4453125
2024-12-12 17:41:48,706.4453125
2024-12-12 17:41:53,706.4453125
2024-12-12 17:41:58,706.4453125
2024-12-12 17:42:03,706.4453125
2024-12-12 17:42:08,706.4453125
2024-12-12 17:42:13,706.6875
2024-12-12 17:42:18,706.6875
2024-12-12 17:42:23,706.6875
2024-12-12 17:42:28,706.6875
2024-12-12 17:42:33,706.6875
2024-12-12 17:42:38,706.6875
2024-12-12 17:42:43,706.6875
2024-12-12 17:42:48,706.6875
2024-12-12 17:42:53,706.6875
2024-12-12 17:42:58,706.6875
2024-12-12 17:43:03,706.6875
2024-12-12 17:43:08,706.6875
2024-12-12 17:43:13,706.76953125
2024-12-12 17:43:18,706.76953125
2024-12-12 17:43:23,706.76953125
2024-12-12 17:43:28,706.76953125
2024-12-12 17:43:33,706.76953125
2024-12-12 17:43:38,706.76953125
2024-12-12 17:43:43,706.76953125
2024-12-12 17:43:48,706.76953125
2024-12-12 17:43:53,706.76953125
2024-12-12 17:43:58,706.76953125
2024-12-12 17:44:03,706.76953125
2024-12-12 17:44:08,706.76953125
2024-12-12 17:44:13,706.81640625
2024-12-12 17:44:18,706.81640625
2024-12-12 17:44:23,706.81640625
2024-12-12 17:44:28,706.81640625
2024-12-12 17:44:33,706.81640625
2024-12-12 17:44:38,706.81640625
2024-12-12 17:44:43,706.81640625
2024-12-12 17:44:48,706.81640625
2024-12-12 17:44:53,706.81640625
2024-12-12 17:44:58,706.81640625
2024-12-12 17:45:03,706.81640625
2024-12-12 17:45:08,706.81640625
2024-12-12 17:45:13,706.85546875
2024-12-12 17:45:18,706.85546875
2024-12-12 17:45:23,706.85546875
2024-12-12 17:45:28,706.85546875
2024-12-12 17:45:33,706.85546875
2024-12-12 17:45:38,706.85546875
2024-12-12 17:45:43,706.85546875
2024-12-12 17:45:48,706.85546875
2024-12-12 17:45:53,706.85546875
2024-12-12 17:45:58,706.85546875
2024-12-12 17:46:03,706.85546875
2024-12-12 17:46:08,706.85546875
2024-12-12 17:46:13,706.89453125
2024-12-12 17:46:18,706.89453125
2024-12-12 17:46:23,706.89453125
2024-12-12 17:46:28,706.89453125
2024-12-12 17:46:33,706.89453125
2024-12-12 17:46:38,706.89453125
2024-12-12 17:46:43,706.89453125
2024-12-12 17:46:48,706.89453125
2024-12-12 17:46:53,706.89453125
2024-12-12 17:46:58,706.89453125
2024-12-12 17:47:03,706.89453125
2024-12-12 17:47:08,706.89453125
2024-12-12 17:47:13,706.95703125
2024-12-12 17:47:18,706.95703125
2024-12-12 17:47:23,706.95703125
2024-12-12 17:47:28,706.95703125
2024-12-12 17:47:33,706.95703125
2024-12-12 17:47:38,706.95703125
2024-12-12 17:47:43,706.95703125
2024-12-12 17:47:48,706.95703125
2024-12-12 17:47:53,706.95703125
2024-12-12 17:47:58,706.95703125
2024-12-12 17:48:03,706.95703125
2024-12-12 17:48:08,706.95703125
2024-12-12 17:48:13,706.98828125
2024-12-12 17:48:18,706.98828125
2024-12-12 17:48:23,706.98828125
2024-12-12 17:48:28,706.98828125
2024-12-12 17:48:33,706.98828125
2024-12-12 17:48:38,706.98828125
2024-12-12 17:48:43,706.98828125
2024-12-12 17:48:48,706.98828125
2024-12-12 17:48:53,706.98828125
2024-12-12 17:48:58,706.98828125
2024-12-12 17:49:03,706.98828125
2024-12-12 17:49:08,706.98828125
2024-12-12 17:49:13,707.03515625
2024-12-12 17:49:18,707.03515625
2024-12-12 17:49:23,707.03515625
2024-12-12 17:49:28,707.03515625
2024-12-12 17:49:33,707.03515625
2024-12-12 17:49:38,707.03515625
2024-12-12 17:49:43,707.03515625
2024-12-12 17:49:48,707.03515625
2024-12-12 17:49:53,707.03515625
2024-12-12 17:49:58,707.03515625
2024-12-12 17:50:03,707.03515625
2024-12-12 17:50:08,707.03515625
2024-12-12 17:50:13,707.078125
2024-12-12 17:50:18,707.078125
2024-12-12 17:50:23,707.078125
2024-12-12 17:50:28,707.078125
2024-12-12 17:50:33,707.078125
2024-12-12 17:50:38,707.078125
2024-12-12 17:50:43,707.078125
2024-12-12 17:50:48,707.078125
2024-12-12 17:50:53,707.078125
2024-12-12 17:50:58,707.078125
2024-12-12 17:51:03,707.078125
2024-12-12 17:51:08,707.078125
2024-12-12 17:51:13,705.8046875
2024-12-12 17:51:18,705.8046875
2024-12-12 17:51:23,705.8046875
2024-12-12 17:51:28,705.8046875
2024-12-12 17:51:33,705.8046875
2024-12-12 17:51:38,705.8046875
2024-12-12 17:51:43,705.8046875
2024-12-12 17:51:48,705.8046875
2024-12-12 17:51:53,705.8046875
2024-12-12 17:51:58,705.8046875
2024-12-12 17:52:03,705.8046875
2024-12-12 17:52:08,705.8046875
2024-12-12 17:52:13,710.6484375
2024-12-12 17:52:18,710.6484375
2024-12-12 17:52:23,710.6484375
2024-12-12 17:52:28,710.6484375
2024-12-12 17:52:33,710.6484375
2024-12-12 17:52:38,710.6484375
2024-12-12 17:52:43,710.6484375
2024-12-12 17:52:48,710.6484375
2024-12-12 17:52:53,710.6484375
2024-12-12 17:52:58,710.6484375
2024-12-12 17:53:03,710.6484375
2024-12-12 17:53:08,710.6484375
2024-12-12 17:53:13,711.94921875
2024-12-12 17:53:18,711.94921875
2024-12-12 17:53:23,711.94921875
2024-12-12 17:53:28,711.94921875
2024-12-12 17:53:33,711.94921875
2024-12-12 17:53:38,711.94921875
2024-12-12 17:53:43,711.94921875
2024-12-12 17:53:48,711.94921875
2024-12-12 17:53:53,711.94921875
2024-12-12 17:53:58,711.94921875
2024-12-12 17:54:03,711.94921875
2024-12-12 17:54:08,711.94921875
2024-12-12 17:54:13,712
2024-12-12 17:54:18,712
2024-12-12 17:54:23,712
2024-12-12 17:54:28,712
2024-12-12 17:54:33,712
2024-12-12 17:54:38,712
2024-12-12 17:54:43,712
2024-12-12 17:54:48,712
2024-12-12 17:54:53,712
2024-12-12 17:54:58,712
2024-12-12 17:55:03,712
2024-12-12 17:55:08,712
2024-12-12 17:55:13,712.1484375
2024-12-12 17:55:18,712.1484375
2024-12-12 17:55:23,712.1484375
2024-12-12 17:55:28,712.1484375
2024-12-12 17:55:33,712.1484375
2024-12-12 17:55:38,712.1484375
2024-12-12 17:55:43,712.1484375
2024-12-12 17:55:48,712.1484375
2024-12-12 17:55:53,712.1484375
2024-12-12 17:55:58,712.1484375
2024-12-12 17:56:03,712.1484375
2024-12-12 17:56:08,712.1484375
2024-12-12 17:56:13,712.1953125
2024-12-12 17:56:18,712.1953125
2024-12-12 17:56:23,712.1953125
2024-12-12 17:56:28,712.1953125
2024-12-12 17:56:33,712.1953125
2024-12-12 17:56:38,712.1953125
2024-12-12 17:56:43,712.1953125
2024-12-12 17:56:48,712.1953125
2024-12-12 17:56:53,712.1953125
2024-12-12 17:56:58,712.1953125
2024-12-12 17:57:03,712.1953125
2024-12-12 17:57:08,712.1953125
2024-12-12 17:57:13,712.2578125
2024-12-12 17:57:18,712.2578125
2024-12-12 17:57:23,712.2578125
2024-12-12 17:57:28,712.2578125
2024-12-12 17:57:33,712.2578125
2024-12-12 17:57:38,712.2578125
2024-12-12 17:57:43,712.2578125
2024-12-12 17:57:48,712.2578125
2024-12-12 17:57:53,712.2578125
2024-12-12 17:57:58,712.2578125
2024-12-12 17:58:03,712.2578125
2024-12-12 17:58:08,712.2578125
2024-12-12 17:58:13,712.3046875
2024-12-12 17:58:18,712.3046875
2024-12-12 17:58:23,712.3046875
2024-12-12 17:58:28,712.3046875
2024-12-12 17:58:33,712.3046875
2024-12-12 17:58:38,712.3046875
2024-12-12 17:58:43,712.3046875
2024-12-12 17:58:48,712.3046875
2024-12-12 17:58:53,712.3046875
2024-12-12 17:58:58,712.3046875
2024-12-12 17:59:03,712.3046875
2024-12-12 17:59:08,712.3046875
2024-12-12 17:59:13,712.34375
2024-12-12 17:59:18,712.34375
2024-12-12 17:59:23,712.34375
2024-12-12 17:59:28,712.34375
2024-12-12 17:59:33,712.34375
2024-12-12 17:59:38,712.34375
2024-12-12 17:59:43,712.34375
2024-12-12 17:59:48,712.34375
2024-12-12 17:59:53,712.34375
2024-12-12 17:59:58,712.34375
2024-12-12 18:00:03,712.34375
2024-12-12 18:00:08,712.34375
2024-12-12 18:00:13,712.3828125
2024-12-12 18:00:18,712.3828125
2024-12-12 18:00:23,712.3828125
2024-12-12 18:00:28,712.3828125
2024-12-12 18:00:33,712.3828125
2024-12-12 18:00:38,712.3828125
2024-12-12 18:00:43,712.3828125
2024-12-12 18:00:48,712.3828125
2024-12-12 18:00:53,712.3828125
2024-12-12 18:00:58,712.3828125
2024-12-12 18:01:03,712.3828125
2024-12-12 18:01:08,712.3828125
2024-12-12 18:01:13,712.4375
2024-12-12 18:01:18,712.4375
2024-12-12 18:01:23,712.4375
2024-12-12 18:01:28,712.4375
2024-12-12 18:01:33,712.4375
2024-12-12 18:01:38,712.4375
2024-12-12 18:01:43,712.4375
2024-12-12 18:01:48,712.4375
2024-12-12 18:01:53,712.4375
2024-12-12 18:01:58,712.4375
2024-12-12 18:02:03,712.4375
2024-12-12 18:02:08,712.4375
2024-12-12 18:02:13,712.51953125
2024-12-12 18:02:18,712.51953125
2024-12-12 18:02:23,712.51953125
2024-12-12 18:02:28,712.51953125
2024-12-12 18:02:33,712.51953125
2024-12-12 18:02:38,712.51953125
2024-12-12 18:02:43,712.51953125
2024-12-12 18:02:48,712.51953125
2024-12-12 18:02:53,712.51953125
2024-12-12 18:02:58,712.51953125
2024-12-12 18:03:03,712.51953125
2024-12-12 18:03:08,712.51953125
2024-12-12 18:03:13,712.6796875
2024-12-12 18:03:18,712.6796875
2024-12-12 18:03:23,712.6796875
2024-12-12 18:03:28,712.6796875
2024-12-12 18:03:33,712.6796875
2024-12-12 18:03:38,712.6796875
2024-12-12 18:03:43,712.6796875
2024-12-12 18:03:48,712.6796875
2024-12-12 18:03:53,712.6796875
2024-12-12 18:03:58,712.6796875
2024-12-12 18:04:03,712.6796875
2024-12-12 18:04:08,712.6796875
2024-12-12 18:04:13,712.8359375
2024-12-12 18:04:18,712.8359375
2024-12-12 18:04:23,712.8359375
2024-12-12 18:04:28,712.8359375
2024-12-12 18:04:33,712.8359375
2024-12-12 18:04:38,712.8359375
2024-12-12 18:04:43,712.8359375
2024-12-12 18:04:48,712.8359375
2024-12-12 18:04:53,712.8359375
2024-12-12 18:04:58,712.8359375
2024-12-12 18:05:03,712.8359375
2024-12-12 18:05:08,712.8359375
2024-12-12 18:05:13,713.51953125
2024-12-12 18:05:18,713.51953125
2024-12-12 18:05:23,713.51953125
2024-12-12 18:05:28,713.51953125
2024-12-12 18:05:33,713.51953125
2024-12-12 18:05:38,713.51953125
2024-12-12 18:05:43,713.51953125
2024-12-12 18:05:48,713.51953125
2024-12-12 18:05:53,713.51953125
2024-12-12 18:05:58,713.51953125
2024-12-12 18:06:03,713.51953125
2024-12-12 18:06:08,713.51953125
2024-12-12 18:06:13,713.52734375
2024-12-12 18:06:18,713.52734375
2024-12-12 18:06:23,713.52734375
2024-12-12 18:06:28,713.52734375
2024-12-12 18:06:33,713.52734375
2024-12-12 18:06:38,713.52734375
2024-12-12 18:06:43,713.52734375
2024-12-12 18:06:48,713.52734375
2024-12-12 18:06:53,713.52734375
2024-12-12 18:06:58,713.52734375
2024-12-12 18:07:03,713.52734375
2024-12-12 18:07:08,713.52734375
2024-12-12 18:07:13,713.56640625
2024-12-12 18:07:18,713.56640625
2024-12-12 18:07:23,713.56640625
2024-12-12 18:07:28,713.56640625
2024-12-12 18:07:33,713.56640625
2024-12-12 18:07:38,713.56640625
2024-12-12 18:07:43,713.56640625
2024-12-12 18:07:48,713.56640625
2024-12-12 18:07:53,713.56640625
2024-12-12 18:07:58,713.56640625
2024-12-12 18:08:03,713.56640625
2024-12-12 18:08:08,713.56640625
2024-12-12 18:08:13,713.59765625
2024-12-12 18:08:18,713.59765625
2024-12-12 18:08:23,713.59765625
2024-12-12 18:08:28,713.59765625
2024-12-12 18:08:33,713.59765625
2024-12-12 18:08:38,713.59765625
2024-12-12 18:08:43,713.59765625
2024-12-12 18:08:48,713.59765625
2024-12-12 18:08:53,713.59765625
2024-12-12 18:08:58,713.59765625
2024-12-12 18:09:03,713.59765625
2024-12-12 18:09:08,713.59765625
2024-12-12 18:09:13,713.640625
2024-12-12 18:09:18,713.640625
2024-12-12 18:09:23,713.640625
2024-12-12 18:09:28,713.640625
2024-12-12 18:09:33,713.640625
2024-12-12 18:09:38,713.640625
2024-12-12 18:09:43,713.640625
2024-12-12 18:09:48,713.640625
2024-12-12 18:09:53,713.640625
2024-12-12 18:09:58,713.640625
2024-12-12 18:10:03,713.640625
2024-12-12 18:10:08,713.640625
2024-12-12 18:10:13,713.67578125
2024-12-12 18:10:18,713.67578125
2024-12-12 18:10:23,713.67578125
2024-12-12 18:10:28,713.67578125
2024-12-12 18:10:33,713.67578125
2024-12-12 18:10:38,713.67578125
2024-12-12 18:10:43,713.67578125
2024-12-12 18:10:48,713.67578125
2024-12-12 18:10:53,713.67578125
2024-12-12 18:10:58,713.67578125
2024-12-12 18:11:03,713.67578125
2024-12-12 18:11:08,713.67578125
2024-12-12 18:11:13,713.78125
2024-12-12 18:11:18,713.78125
2024-12-12 18:11:23,713.78125
2024-12-12 18:11:28,713.78125
2024-12-12 18:11:33,713.78125
2024-12-12 18:11:38,713.78125
2024-12-12 18:11:43,713.78125
2024-12-12 18:11:48,713.78125
2024-12-12 18:11:53,713.78125
2024-12-12 18:11:58,713.78125
2024-12-12 18:12:03,713.78125
2024-12-12 18:12:08,713.78125
2024-12-12 18:12:13,713.8359375
2024-12-12 18:12:18,713.8359375
2024-12-12 18:12:23,713.8359375
2024-12-12 18:12:28,713.8359375
2024-12-12 18:12:33,713.8359375
2024-12-12 18:12:38,713.8359375
2024-12-12 18:12:43,713.8359375
2024-12-12 18:12:48,713.8359375
2024-12-12 18:12:53,713.8359375
2024-12-12 18:12:58,713.8359375
2024-12-12 18:13:03,713.8359375
2024-12-12 18:13:08,713.8359375
2024-12-12 18:13:13,713.86328125
2024-12-12 18:13:18,713.86328125
2024-12-12 18:13:23,713.86328125
2024-12-12 18:13:28,713.86328125
2024-12-12 18:13:33,713.86328125
2024-12-12 18:13:38,713.86328125
2024-12-12 18:13:43,713.86328125
2024-12-12 18:13:48,713.86328125
2024-12-12 18:13:53,713.86328125
2024-12-12 18:13:58,713.86328125
2024-12-12 18:14:03,713.86328125
2024-12-12 18:14:08,713.86328125
2024-12-12 18:14:13,713.91796875
2024-12-12 18:14:18,713.91796875
2024-12-12 18:14:23,713.91796875
2024-12-12 18:14:28,713.91796875
2024-12-12 18:14:33,713.91796875
2024-12-12 18:14:38,713.91796875
2024-12-12 18:14:43,713.91796875
2024-12-12 18:14:48,713.91796875
2024-12-12 18:14:53,713.91796875
2024-12-12 18:14:58,713.91796875
2024-12-12 18:15:03,713.91796875
2024-12-12 18:15:08,713.91796875
2024-12-12 18:15:13,713.96484375
2024-12-12 18:15:18,713.96484375
2024-12-12 18:15:23,713.96484375
2024-12-12 18:15:28,713.96484375
2024-12-12 18:15:33,713.96484375
2024-12-12 18:15:38,713.96484375
2024-12-12 18:15:43,713.96484375
2024-12-12 18:15:48,713.96484375
2024-12-12 18:15:53,713.96484375
2024-12-12 18:15:58,713.96484375
2024-12-12 18:16:03,713.96484375
2024-12-12 18:16:08,713.96484375
2024-12-12 18:16:13,714.01953125
2024-12-12 18:16:18,714.01953125
2024-12-12 18:16:23,714.01953125
2024-12-12 18:16:28,714.01953125
2024-12-12 18:16:33,714.01953125
2024-12-12 18:16:38,714.01953125
2024-12-12 18:16:43,714.01953125
2024-12-12 18:16:48,714.01953125
2024-12-12 18:16:53,714.01953125
2024-12-12 18:16:58,714.01953125
2024-12-12 18:17:03,714.01953125
2024-12-12 18:17:08,714.01953125
2024-12-12 18:17:13,714.06640625
2024-12-12 18:17:18,714.06640625
2024-12-12 18:17:23,714.06640625
2024-12-12 18:17:28,714.06640625
2024-12-12 18:17:33,714.06640625
2024-12-12 18:17:38,714.06640625
2024-12-12 18:17:43,714.06640625
2024-12-12 18:17:48,714.06640625
2024-12-12 18:17:53,714.06640625
2024-12-12 18:17:58,714.06640625
2024-12-12 18:18:03,714.06640625
2024-12-12 18:18:08,714.06640625
2024-12-12 18:18:13,714.12109375
2024-12-12 18:18:18,714.12109375
2024-12-12 18:18:23,714.12109375
2024-12-12 18:18:28,714.12109375
2024-12-12 18:18:33,714.12109375
2024-12-12 18:18:38,714.12109375
2024-12-12 18:18:43,714.12109375
2024-12-12 18:18:48,714.12109375
2024-12-12 18:18:53,714.12109375
2024-12-12 18:18:58,714.12109375
2024-12-12 18:19:03,714.12109375
2024-12-12 18:19:08,714.12109375
2024-12-12 18:19:13,714.13671875
2024-12-12 18:19:18,714.13671875
2024-12-12 18:19:23,714.13671875
2024-12-12 18:19:28,714.13671875
2024-12-12 18:19:33,714.13671875
2024-12-12 18:19:38,714.13671875
2024-12-12 18:19:43,714.13671875
2024-12-12 18:19:48,714.13671875
2024-12-12 18:19:53,714.13671875
2024-12-12 18:19:58,714.13671875
2024-12-12 18:20:03,714.13671875
2024-12-12 18:20:08,714.13671875
2024-12-12 18:20:13,714.1875
2024-12-12 18:20:18,714.1875
2024-12-12 18:20:23,714.1875
2024-12-12 18:20:28,714.1875
2024-12-12 18:20:33,714.1875
2024-12-12 18:20:38,714.1875
2024-12-12 18:20:43,714.1875
2024-12-12 18:20:48,714.1875
2024-12-12 18:20:53,714.1875
2024-12-12 18:20:58,714.1875
2024-12-12 18:21:03,714.1875
2024-12-12 18:21:08,714.1875
2024-12-12 18:21:13,714.25
2024-12-12 18:21:18,714.25
2024-12-12 18:21:23,714.25
2024-12-12 18:21:28,714.25
2024-12-12 18:21:33,714.25
2024-12-12 18:21:38,714.25
2024-12-12 18:21:43,714.25
2024-12-12 18:21:48,714.25
2024-12-12 18:21:53,714.25
2024-12-12 18:21:58,714.25
2024-12-12 18:22:03,714.25
2024-12-12 18:22:08,714.25
2024-12-12 18:22:13,714.2734375
2024-12-12 18:22:18,714.2734375
2024-12-12 18:22:23,714.2734375
2024-12-12 18:22:28,714.2734375
2024-12-12 18:22:33,714.2734375
2024-12-12 18:22:38,714.2734375
2024-12-12 18:22:43,714.2734375
2024-12-12 18:22:48,714.2734375
2024-12-12 18:22:53,714.2734375
2024-12-12 18:22:58,714.2734375
2024-12-12 18:23:03,714.2734375
2024-12-12 18:23:08,714.2734375
2024-12-12 18:23:13,713
2024-12-12 18:23:18,713
2024-12-12 18:23:23,713
2024-12-12 18:23:28,713
2024-12-12 18:23:33,713
2024-12-12 18:23:38,713
2024-12-12 18:23:43,713
2024-12-12 18:23:48,713
2024-12-12 18:23:53,713
2024-12-12 18:23:58,713
2024-12-12 18:24:03,713
2024-12-12 18:24:08,713
2024-12-12 18:24:13,712.9296875
2024-12-12 18:24:18,712.9296875
2024-12-12 18:24:23,712.9296875
2024-12-12 18:24:28,712.9296875
2024-12-12 18:24:33,712.9296875
2024-12-12 18:24:38,712.9296875
2024-12-12 18:24:43,712.9296875
2024-12-12 18:24:48,712.9296875
2024-12-12 18:24:53,712.9296875
2024-12-12 18:24:58,712.9296875
2024-12-12 18:25:03,712.9296875
2024-12-12 18:25:08,712.9296875
2024-12-12 18:25:13,707.16015625
2024-12-12 18:25:18,707.16015625
2024-12-12 18:25:23,707.16015625
2024-12-12 18:25:28,707.16015625
2024-12-12 18:25:33,707.16015625
2024-12-12 18:25:38,707.16015625
2024-12-12 18:25:43,707.16015625
2024-12-12 18:25:48,707.16015625
2024-12-12 18:25:53,707.16015625
2024-12-12 18:25:58,707.16015625
2024-12-12 18:26:03,707.16015625
2024-12-12 18:26:08,707.16015625
2024-12-12 18:26:13,707.2265625
2024-12-12 18:26:18,707.2265625
2024-12-12 18:26:23,707.2265625
2024-12-12 18:26:28,707.2265625
2024-12-12 18:26:33,707.2265625
2024-12-12 18:26:38,707.2265625
2024-12-12 18:26:43,707.2265625
2024-12-12 18:26:48,707.2265625
2024-12-12 18:26:53,707.2265625
2024-12-12 18:26:58,707.2265625
2024-12-12 18:27:03,707.2265625
2024-12-12 18:27:08,707.2265625
2024-12-12 18:27:13,707.26171875
2024-12-12 18:27:18,707.26171875
2024-12-12 18:27:23,707.26171875
2024-12-12 18:27:28,707.26171875
2024-12-12 18:27:33,707.26171875
2024-12-12 18:27:38,707.26171875
2024-12-12 18:27:43,707.26171875
2024-12-12 18:27:48,707.26171875
2024-12-12 18:27:53,707.26171875
2024-12-12 18:27:58,707.26171875
2024-12-12 18:28:03,707.26171875
2024-12-12 18:28:08,707.26171875
2024-12-12 18:28:13,707.2734375
2024-12-12 18:28:18,707.2734375
2024-12-12 18:28:23,707.2734375
2024-12-12 18:28:28,707.2734375
2024-12-12 18:28:33,707.2734375
