timestamp,value
2024-12-12 09:53:05,1787904.8228945634
2024-12-12 09:53:10,1771394.613378394
2024-12-12 09:53:15,1832629.7231170242
2024-12-12 09:53:20,1892075.207632446
2024-12-12 09:53:25,2031745.7845599523
2024-12-12 09:53:30,2058283.3571176166
2024-12-12 09:53:35,2122251.46099146
2024-12-12 09:53:40,2111518.7259508213
2024-12-12 09:53:45,2237179.223262366
2024-12-12 09:53:50,2489566.57470035
2024-12-12 09:53:55,2728670.223928103
2024-12-12 09:54:00,2728141.5841711154
2024-12-12 09:54:05,2727618.1963228397
2024-12-12 09:54:10,3131647.9462896367
2024-12-12 09:54:15,3296188.4021233544
2024-12-12 09:54:20,3973200.5099498094
2024-12-12 09:54:25,4382473.481743909
2024-12-12 09:54:30,4497546.928120586
2024-12-12 09:54:35,4811933.171937562
2024-12-12 09:54:40,4878687.712489855
2024-12-12 09:54:45,5116312.454181435
2024-12-12 09:54:50,5558063.407858488
2024-12-12 09:54:55,6035139.789064089
2024-12-12 09:55:00,6035441.038710719
2024-12-12 09:55:05,6035704.165712832
2024-12-12 09:55:10,6306456.3827621
2024-12-12 09:55:15,6716061.959165378
2024-12-12 09:55:20,7354135.456148146
2024-12-12 09:55:25,8064459.951153817
2024-12-12 09:55:30,8229747.258434596
2024-12-12 09:55:35,8480237.632075978
2024-12-12 09:55:40,8628544.170940656
2024-12-12 09:55:45,8780867.50647925
2024-12-12 09:55:50,9459874.852449544
2024-12-12 09:55:55,9661248.677818805
2024-12-12 09:56:00,9661789.080963241
2024-12-12 09:56:05,9741182.965247719
2024-12-12 09:56:10,9980900.663409183
2024-12-12 09:56:15,10723191.083606202
2024-12-12 09:56:20,11341551.307270823
2024-12-12 09:56:25,11679226.489247657
2024-12-12 09:56:30,11805129.541214548
2024-12-12 09:56:35,12256799.973025937
2024-12-12 09:56:40,12503507.6586578
2024-12-12 09:56:45,12919783.15282431
2024-12-12 09:56:50,13441088.953429576
2024-12-12 09:56:55,13565039.399944797
2024-12-12 09:57:00,13565439.976654079
2024-12-12 09:57:05,13565834.835790768
2024-12-12 09:57:10,13792427.113456734
2024-12-12 09:57:15,13837147.911651213
2024-12-12 09:57:20,15176210.343964852
2024-12-12 09:57:25,15462874.986045938
2024-12-12 09:57:30,15715530.338040758
2024-12-12 09:57:35,15884949.160674512
2024-12-12 09:57:40,15833987.198674742
2024-12-12 09:57:45,16151622.040857155
2024-12-12 09:57:50,16676411.771854986
2024-12-12 09:57:55,16780066.846786544
2024-12-12 09:58:00,16780488.6938214
2024-12-12 09:58:05,16780771.098963853
2024-12-12 09:58:10,16668748.694918815
2024-12-12 09:58:15,16813331.600699004
2024-12-12 09:58:20,16898612.11586909
2024-12-12 09:58:25,17079541.892583076
2024-12-12 09:58:30,17167629.631651457
2024-12-12 09:58:35,17181402.48467192
2024-12-12 09:58:40,17182778.485260308
2024-12-12 09:58:45,17021753.069831118
2024-12-12 09:58:50,17118792.051211745
2024-12-12 09:58:55,17198990.820558213
2024-12-12 09:59:00,17198871.538149476
2024-12-12 09:59:05,17199305.351673633
2024-12-12 09:59:10,17078952.472616002
2024-12-12 09:59:15,17208432.995367043
2024-12-12 09:59:20,17228790.95393748
2024-12-12 09:59:25,17201777.371099234
2024-12-12 09:59:30,17250363.34081896
2024-12-12 09:59:35,17262867.189187393
2024-12-12 09:59:40,17231053.278220713
2024-12-12 09:59:45,17299816.995512404
2024-12-12 09:59:50,17333353.25747586
2024-12-12 09:59:55,17368764.976926353
2024-12-12 10:00:00,17368764.976926353
2024-12-12 10:00:05,17368764.976926353
2024-12-12 10:00:10,17284289.70624891
2024-12-12 10:00:15,17323827.767946392
2024-12-12 10:00:20,17568293.216569223
2024-12-12 10:00:25,17464469.345777385
2024-12-12 10:00:30,17361185.510343444
2024-12-12 10:00:35,17636673.047138393
2024-12-12 10:00:40,17643039.30705712
2024-12-12 10:00:45,17679433.341836385
2024-12-12 10:00:50,17721124.25106994
2024-12-12 10:00:55,17742591.19321215
2024-12-12 10:01:00,17742591.19321215
2024-12-12 10:01:05,17742610.27171863
2024-12-12 10:01:10,17607898.725798443
2024-12-12 10:01:15,17770498.90434979
2024-12-12 10:01:20,17742577.843132384
2024-12-12 10:01:25,17800418.109808743
2024-12-12 10:01:30,17705869.915864788
2024-12-12 10:01:35,17798296.25219203
2024-12-12 10:01:40,17797815.929584544
2024-12-12 10:01:45,17802812.50019188
2024-12-12 10:01:50,17629160.676480006
2024-12-12 10:01:55,17806753.136558995
2024-12-12 10:02:00,17806753.136558995
2024-12-12 10:02:05,17806662.587913163
2024-12-12 10:02:10,17679795.277368717
2024-12-12 10:02:15,17565835.809037425
2024-12-12 10:02:20,17494124.866934128
2024-12-12 10:02:25,17850083.87946318
2024-12-12 10:02:30,17812066.386885554
2024-12-12 10:02:35,17859935.408269085
2024-12-12 10:02:40,17858348.44818256
2024-12-12 10:02:45,17654347.12119986
2024-12-12 10:02:50,17844566.938157715
2024-12-12 10:02:55,17898736.779447973
2024-12-12 10:03:00,17898736.779447973
2024-12-12 10:03:05,17889240.716094643
2024-12-12 10:03:10,17886899.737123422
2024-12-12 10:03:15,17867120.158560842
2024-12-12 10:03:20,17859494.18099351
2024-12-12 10:03:25,17865376.92187143
2024-12-12 10:03:30,17808192.602876037
2024-12-12 10:03:35,17897734.47027339
2024-12-12 10:03:40,17903375.694797292
2024-12-12 10:03:45,17775920.152414095
2024-12-12 10:03:50,17850084.085428745
2024-12-12 10:03:55,17841332.014748782
2024-12-12 10:04:00,17841332.014748782
2024-12-12 10:04:05,17718528.671419922
2024-12-12 10:04:10,17558932.602438793
2024-12-12 10:04:15,17522658.593817525
2024-12-12 10:04:20,17684981.637963045
2024-12-12 10:04:25,17471458.614323936
2024-12-12 10:04:30,17476373.54726678
2024-12-12 10:04:35,17604156.05827741
2024-12-12 10:04:40,17588386.237897865
2024-12-12 10:04:45,17363183.133296885
2024-12-12 10:04:50,17492280.24908171
2024-12-12 10:04:55,17445212.14239355
2024-12-12 10:05:00,17445212.14239355
2024-12-12 10:05:05,17445205.279275335
2024-12-12 10:05:10,17395816.365107503
2024-12-12 10:05:15,17349732.826291986
2024-12-12 10:05:20,17130307.999759585
2024-12-12 10:05:25,17096313.31183101
2024-12-12 10:05:30,17168261.412982155
2024-12-12 10:05:35,17191473.3933724
2024-12-12 10:05:40,17181811.974506218
2024-12-12 10:05:45,17052402.393526882
2024-12-12 10:05:50,17113646.141151275
2024-12-12 10:05:55,17102869.567284472
2024-12-12 10:06:00,17102869.567284472
2024-12-12 10:06:05,17102877.18829264
2024-12-12 10:06:10,17103832.84860057
2024-12-12 10:06:15,16935404.987797253
2024-12-12 10:06:20,17041313.46402801
2024-12-12 10:06:25,16976453.874948815
2024-12-12 10:06:30,16964514.857691504
2024-12-12 10:06:35,17016025.754674666
2024-12-12 10:06:40,16876181.180762284
2024-12-12 10:06:45,16868384.760957234
2024-12-12 10:06:50,16989404.4389568
2024-12-12 10:06:55,16987014.087688003
2024-12-12 10:07:00,16987014.087688003
2024-12-12 10:07:05,16981721.65840318
2024-12-12 10:07:10,16864936.60840763
2024-12-12 10:07:15,16702074.557308447
2024-12-12 10:07:20,16808162.589017536
2024-12-12 10:07:25,16889521.130754277
2024-12-12 10:07:30,16899719.23562908
2024-12-12 10:07:35,16952263.49369589
2024-12-12 10:07:40,16954175.985691294
2024-12-12 10:07:45,16962743.85687857
2024-12-12 10:07:50,16969709.923692524
2024-12-12 10:07:55,16979731.761332743
2024-12-12 10:08:00,16979731.761332743
2024-12-12 10:08:05,16864342.01818406
2024-12-12 10:08:10,16994216.096781563
2024-12-12 10:08:15,16899440.341513857
2024-12-12 10:08:20,16943140.996262413
2024-12-12 10:08:25,17014068.57323637
2024-12-12 10:08:30,17097770.265386097
2024-12-12 10:08:35,17152845.423083965
2024-12-12 10:08:40,17162525.79256455
2024-12-12 10:08:45,17220796.03179775
2024-12-12 10:08:50,17184096.603699178
2024-12-12 10:08:55,17300027.250410527
2024-12-12 10:09:00,17300027.250410527
2024-12-12 10:09:05,17300027.250410527
2024-12-12 10:09:10,17211691.85381697
2024-12-12 10:09:15,17004070.66376389
2024-12-12 10:09:20,17497728.352833733
2024-12-12 10:09:25,17445315.88144113
2024-12-12 10:09:30,17474078.416152954
2024-12-12 10:09:35,17582573.11928161
2024-12-12 10:09:40,17590016.7519439
2024-12-12 10:09:45,17430652.507093593
2024-12-12 10:09:50,17628785.978616133
2024-12-12 10:09:55,17630647.33074469
2024-12-12 10:10:00,17630647.33074469
2024-12-12 10:10:05,17630642.60606295
2024-12-12 10:10:10,17508754.769240566
2024-12-12 10:10:15,17473781.693698585
2024-12-12 10:10:20,17417281.10575574
2024-12-12 10:10:25,17531892.626772065
2024-12-12 10:10:30,17517698.94596503
2024-12-12 10:10:35,17502767.765535656
2024-12-12 10:10:40,17498399.012079827
2024-12-12 10:10:45,17402619.021875605
2024-12-12 10:10:50,17416710.508485164
2024-12-12 10:10:55,17433039.266419545
2024-12-12 10:11:00,17433039.266419545
2024-12-12 10:11:05,17433039.266419545
2024-12-12 10:11:10,17309228.820067205
2024-12-12 10:11:15,17094363.67979899
2024-12-12 10:11:20,17261781.155109406
2024-12-12 10:11:25,17377163.80304642
2024-12-12 10:11:30,17387757.09351158
2024-12-12 10:11:35,17376449.132626534
2024-12-12 10:11:40,17369400.637812443
2024-12-12 10:11:45,17282720.065576494
2024-12-12 10:11:50,17267913.84997745
2024-12-12 10:11:55,17347599.937216498
2024-12-12 10:12:00,17347599.937216498
2024-12-12 10:12:05,17335795.361066766
2024-12-12 10:12:10,17333681.40129275
2024-12-12 10:12:15,17312182.683142953
2024-12-12 10:12:20,17206337.695047617
2024-12-12 10:12:25,17200929.24780074
2024-12-12 10:12:30,17138233.50170903
2024-12-12 10:12:35,17233497.16829473
2024-12-12 10:12:40,17181038.344405703
2024-12-12 10:12:45,17033692.464889213
2024-12-12 10:12:50,17107976.20865973
2024-12-12 10:12:55,17171015.64987479
2024-12-12 10:13:00,17171015.64987479
2024-12-12 10:13:05,16992487.970675077
2024-12-12 10:13:10,17000856.715565518
2024-12-12 10:13:15,17153219.519852348
2024-12-12 10:13:20,17124922.24790474
2024-12-12 10:13:25,16968333.123279803
2024-12-12 10:13:30,17100624.240931593
2024-12-12 10:13:35,17117612.9328555
2024-12-12 10:13:40,17041032.458873548
2024-12-12 10:13:45,17147795.869438387
2024-12-12 10:13:50,17145181.442202024
2024-12-12 10:13:55,17152635.475035883
2024-12-12 10:14:00,17152635.475035883
2024-12-12 10:14:05,17152635.475035883
2024-12-12 10:14:10,16801288.913963173
2024-12-12 10:14:15,17121393.872199237
2024-12-12 10:14:20,17299304.166183446
2024-12-12 10:14:25,17260289.774885394
2024-12-12 10:14:30,17349422.33557471
2024-12-12 10:14:35,17362202.2888105
2024-12-12 10:14:40,17282868.740973108
2024-12-12 10:14:45,17402157.91396052
2024-12-12 10:14:50,17371614.21874553
2024-12-12 10:14:55,17482498.467372425
2024-12-12 10:15:00,17482498.467372425
2024-12-12 10:15:05,17482454.112454806
2024-12-12 10:15:10,17365865.055664875
2024-12-12 10:15:15,17251502.170472287
2024-12-12 10:15:20,17509979.470166594
2024-12-12 10:15:25,17699737.553550437
2024-12-12 10:15:30,17687763.281314462
2024-12-12 10:15:35,17742090.79131899
2024-12-12 10:15:40,17753400.622341216
2024-12-12 10:15:45,17545614.111904323
2024-12-12 10:15:50,17852941.77965372
2024-12-12 10:15:55,17884252.44944524
2024-12-12 10:16:00,17884252.44944524
2024-12-12 10:16:05,17889057.689973515
2024-12-12 10:16:10,17889463.487981804
2024-12-12 10:16:15,17748752.10865683
2024-12-12 10:16:20,17966317.99198711
2024-12-12 10:16:25,17860489.158741396
2024-12-12 10:16:30,17954522.185724504
2024-12-12 10:16:35,18036318.665415443
2024-12-12 10:16:40,17907509.305670608
2024-12-12 10:16:45,17905436.53855476
2024-12-12 10:16:50,18093251.330725335
2024-12-12 10:16:55,18093538.100917675
2024-12-12 10:17:00,18093538.100917675
2024-12-12 10:17:05,18093538.100917675
2024-12-12 10:17:10,17948811.51363288
2024-12-12 10:17:15,17911519.29535347
2024-12-12 10:17:20,17798595.137338243
2024-12-12 10:17:25,17947859.668148495
2024-12-12 10:17:30,17978891.863418914
2024-12-12 10:17:35,17957581.6752248
2024-12-12 10:17:40,17957581.6752248
2024-12-12 10:17:45,17848197.69487016
2024-12-12 10:17:50,17797808.22341413
2024-12-12 10:17:55,17866770.427618194
2024-12-12 10:18:00,17866770.427618194
2024-12-12 10:18:05,17866770.427618194
2024-12-12 10:18:10,17724177.035207957
2024-12-12 10:18:15,17642398.294100348
2024-12-12 10:18:20,17650258.47291641
2024-12-12 10:18:25,17783734.108776934
2024-12-12 10:18:30,17745284.1357044
2024-12-12 10:18:35,17788017.45834563
2024-12-12 10:18:40,17783820.875678807
2024-12-12 10:18:45,17739759.827128388
2024-12-12 10:18:50,17777337.560802218
2024-12-12 10:18:55,17782212.273998406
2024-12-12 10:19:00,17782212.273998406
2024-12-12 10:19:05,17794261.233419046
2024-12-12 10:19:10,17511817.357605733
2024-12-12 10:19:15,17262268.376723956
2024-12-12 10:19:20,17553265.372530516
2024-12-12 10:19:25,17842496.077171125
2024-12-12 10:19:30,17852922.409506686
2024-12-12 10:19:35,17865561.653081626
2024-12-12 10:19:40,17872589.589329813
2024-12-12 10:19:45,17689151.39571073
2024-12-12 10:19:50,17881463.54118087
2024-12-12 10:19:55,17876608.63624285
2024-12-12 10:20:00,17876608.63624285
2024-12-12 10:20:05,17876608.63624285
2024-12-12 10:20:10,17696127.130962875
2024-12-12 10:20:15,17877527.684847727
2024-12-12 10:20:20,17989320.680189095
2024-12-12 10:20:25,17967347.873332255
2024-12-12 10:20:30,18059313.20518739
2024-12-12 10:20:35,18090769.997491017
2024-12-12 10:20:40,18039975.545843773
2024-12-12 10:20:45,18186854.625374965
2024-12-12 10:20:50,18333895.792579487
2024-12-12 10:20:55,18636561.229895864
2024-12-12 10:21:00,18636561.229895864
2024-12-12 10:21:05,18704446.34488576
2024-12-12 10:21:10,19071595.70932482
2024-12-12 10:21:15,19209751.11023689
2024-12-12 10:21:20,20423378.449541435
2024-12-12 10:21:25,21078633.44416084
2024-12-12 10:21:30,21172233.719191596
2024-12-12 10:21:35,21487131.891032375
2024-12-12 10:21:40,21892529.921474304
2024-12-12 10:21:45,21684261.71621666
2024-12-12 10:21:50,24063215.32158588
2024-12-12 10:21:55,24140653.250215326
2024-12-12 10:22:00,24140653.250215326
2024-12-12 10:22:05,24140653.250215326
2024-12-12 10:22:10,24370783.68625042
2024-12-12 10:22:15,26416785.4520438
2024-12-12 10:22:20,29640162.038251285
2024-12-12 10:22:25,30748299.65931353
2024-12-12 10:22:30,31627561.506993428
2024-12-12 10:22:35,32127161.509161666
2024-12-12 10:22:40,32345374.408443414
2024-12-12 10:22:45,33213346.4121839
2024-12-12 10:22:50,36002023.02962591
2024-12-12 10:22:55,37065710.23662508
2024-12-12 10:23:00,37065710.23662508
2024-12-12 10:23:05,37065701.6754395
2024-12-12 10:23:10,39442193.52071321
2024-12-12 10:23:15,43416130.46233657
2024-12-12 10:23:20,47078650.50665801
2024-12-12 10:23:25,48920433.78564811
2024-12-12 10:23:30,49958120.34546001
2024-12-12 10:23:35,51597330.66020268
2024-12-12 10:23:40,52695079.36192432
2024-12-12 10:23:45,53324426.31619543
2024-12-12 10:23:50,54720961.18492378
2024-12-12 10:23:55,55301691.737872586
2024-12-12 10:24:00,55330451.234440655
2024-12-12 10:24:05,55682158.8557879
2024-12-12 10:24:10,59914703.74123798
2024-12-12 10:24:15,63337932.306043714
2024-12-12 10:24:20,69330928.70407647
2024-12-12 10:24:25,74476001.86986795
2024-12-12 10:24:30,77154543.51542647
2024-12-12 10:24:35,80506913.00435892
2024-12-12 10:24:40,81477379.02496196
2024-12-12 10:24:45,82985116.94483152
2024-12-12 10:24:50,84375705.68893811
2024-12-12 10:24:55,85268575.5917709
2024-12-12 10:25:00,85606660.37579367
2024-12-12 10:25:05,85936032.08221322
2024-12-12 10:25:10,87217433.13605013
2024-12-12 10:25:15,92655613.58715059
2024-12-12 10:25:20,98982038.12589356
2024-12-12 10:25:25,103710056.44687982
2024-12-12 10:25:30,108097038.55993676
2024-12-12 10:25:35,112803620.85274735
2024-12-12 10:25:40,113034114.13724694
2024-12-12 10:25:45,114774814.49302988
2024-12-12 10:25:50,115609748.77412997
2024-12-12 10:25:55,117613992.10968138
2024-12-12 10:26:00,118374095.79002288
2024-12-12 10:26:05,120359710.26802672
2024-12-12 10:26:10,122187848.98096785
2024-12-12 10:26:15,125065068.28968716
2024-12-12 10:26:20,130394488.14040296
2024-12-12 10:26:25,133955492.3166048
2024-12-12 10:26:30,137684658.3497964
2024-12-12 10:26:35,142457040.18233508
2024-12-12 10:26:40,142711009.38651073
2024-12-12 10:26:45,143313436.2660249
2024-12-12 10:26:50,143556460.92571485
2024-12-12 10:26:55,144807798.14458108
2024-12-12 10:27:00,145736547.4594152
2024-12-12 10:27:05,146665107.12160122
2024-12-12 10:27:10,148258033.60775203
2024-12-12 10:27:15,147272246.64823937
2024-12-12 10:27:20,154203889.1963325
2024-12-12 10:27:25,156819341.7553512
2024-12-12 10:27:30,159289413.62621236
2024-12-12 10:27:35,162760350.60673064
2024-12-12 10:27:40,163523619.6205312
2024-12-12 10:27:45,163974101.64955813
2024-12-12 10:27:50,164524142.8537827
2024-12-12 10:27:55,165399928.14123702
2024-12-12 10:28:00,165953471.94010663
2024-12-12 10:28:05,166507028.5853004
2024-12-12 10:28:10,167860555.80814236
2024-12-12 10:28:15,168003878.79869723
2024-12-12 10:28:20,170278963.19195637
2024-12-12 10:28:25,172341365.5846454
2024-12-12 10:28:30,172949428.1972715
2024-12-12 10:28:35,175392586.6699338
2024-12-12 10:28:40,175092770.97286916
2024-12-12 10:28:45,174796228.26566422
2024-12-12 10:28:50,176156527.8108458
2024-12-12 10:28:55,176844908.76879466
2024-12-12 10:29:00,177164826.68378532
2024-12-12 10:29:05,177491306.99811864
2024-12-12 10:29:10,178132565.16467717
2024-12-12 10:29:15,177400887.63469428
2024-12-12 10:29:20,178906990.85515606
2024-12-12 10:29:25,179637082.10463524
2024-12-12 10:29:30,180776896.5664466
2024-12-12 10:29:35,180865767.3801366
2024-12-12 10:29:40,180775210.50939733
2024-12-12 10:29:45,180145258.6756282
2024-12-12 10:29:50,181236531.7767304
2024-12-12 10:29:55,181246936.65915078
2024-12-12 10:30:00,181247190.6706866
2024-12-12 10:30:05,181247185.84487662
2024-12-12 10:30:10,180084400.3871806
2024-12-12 10:30:15,180709841.3075484
2024-12-12 10:30:20,179258589.03147465
2024-12-12 10:30:25,178803345.18005115
2024-12-12 10:30:30,180348402.39364648
2024-12-12 10:30:35,180167291.75299954
2024-12-12 10:30:40,179835098.5477652
2024-12-12 10:30:45,179522852.8613466
2024-12-12 10:30:50,180060726.5130834
2024-12-12 10:30:55,180045159.380688
2024-12-12 10:31:00,180045158.81775397
2024-12-12 10:31:05,180045158.81775397
2024-12-12 10:31:10,176632918.905971
2024-12-12 10:31:15,176319246.0833353
2024-12-12 10:31:20,178482161.3436955
2024-12-12 10:31:25,179772430.02472132
2024-12-12 10:31:30,177102529.0227753
2024-12-12 10:31:35,179703069.12852836
2024-12-12 10:31:40,179253234.04593608
2024-12-12 10:31:45,179221718.46549496
2024-12-12 10:31:50,179652543.31740558
2024-12-12 10:31:55,179623945.47847968
2024-12-12 10:32:00,179623945.47847968
2024-12-12 10:32:05,179623945.47847968
2024-12-12 10:32:10,179562624.13983023
2024-12-12 10:32:15,178203982.21086162
2024-12-12 10:32:20,178832902.32294095
2024-12-12 10:32:25,175946197.18068
2024-12-12 10:32:30,176524163.47087657
2024-12-12 10:32:35,178431679.61769682
2024-12-12 10:32:40,177740139.9124685
2024-12-12 10:32:45,177483762.7528546
2024-12-12 10:32:50,177741542.0138532
2024-12-12 10:32:55,178316525.68991128
2024-12-12 10:33:00,178316525.68991128
2024-12-12 10:33:05,178316382.56129074
2024-12-12 10:33:10,178280056.36880085
2024-12-12 10:33:15,178228425.36419398
2024-12-12 10:33:20,176765953.03157634
2024-12-12 10:33:25,176085883.4519648
2024-12-12 10:33:30,175678111.85852474
2024-12-12 10:33:35,176158361.55138302
2024-12-12 10:33:40,175411535.75359362
2024-12-12 10:33:45,175706968.79227212
2024-12-12 10:33:50,175584707.16999274
2024-12-12 10:33:55,175832901.2367481
2024-12-12 10:34:00,175832901.2367481
2024-12-12 10:34:05,175833985.16208968
2024-12-12 10:34:10,175832108.87554386
2024-12-12 10:34:15,172672974.67304987
2024-12-12 10:34:20,174492076.50687087
2024-12-12 10:34:25,174877520.5493214
2024-12-12 10:34:30,175637174.42172152
2024-12-12 10:34:35,175939605.88672662
2024-12-12 10:34:40,175948821.28002995
2024-12-12 10:34:45,175954795.0166886
2024-12-12 10:34:50,175640445.22380033
2024-12-12 10:34:55,175990713.58599958
2024-12-12 10:35:00,175990713.58599958
2024-12-12 10:35:05,175993860.5022987
2024-12-12 10:35:10,174645862.57998168
2024-12-12 10:35:15,173586983.73542622
2024-12-12 10:35:20,174536999.77216837
2024-12-12 10:35:25,173903117.17556894
2024-12-12 10:35:30,174146895.58003116
2024-12-12 10:35:35,175801488.90895346
2024-12-12 10:35:40,175658217.47401965
2024-12-12 10:35:45,175481096.04981437
2024-12-12 10:35:50,175492221.51679558
2024-12-12 10:35:55,175813954.9001626
2024-12-12 10:36:00,175813954.90016258
2024-12-12 10:36:05,175813954.90016258
2024-12-12 10:36:10,174439261.80658555
2024-12-12 10:36:15,174811009.96620882
2024-12-12 10:36:20,174086418.16045982
2024-12-12 10:36:25,174438090.0661307
2024-12-12 10:36:30,174401253.71998078
2024-12-12 10:36:35,175899286.27791387
2024-12-12 10:36:40,175849852.85328823
2024-12-12 10:36:45,175143685.90357676
2024-12-12 10:36:50,175292144.16768634
2024-12-12 10:36:55,175515569.42861122
2024-12-12 10:37:00,175515569.42861122
2024-12-12 10:37:05,175513238.31408003
2024-12-12 10:37:10,175305778.3532365
2024-12-12 10:37:15,174112117.32861212
2024-12-12 10:37:20,172496584.6374747
2024-12-12 10:37:25,171889022.05020475
2024-12-12 10:37:30,169564922.2972269
2024-12-12 10:37:35,171981910.86537093
2024-12-12 10:37:40,171095053.11335325
2024-12-12 10:37:45,170708926.44495654
2024-12-12 10:37:50,171030616.04410326
2024-12-12 10:37:55,170833870.69950485
2024-12-12 10:38:00,170833870.69950485
2024-12-12 10:38:05,170815444.981134
2024-12-12 10:38:10,169839944.96612245
2024-12-12 10:38:15,169682737.67617124
2024-12-12 10:38:20,167236820.8927507
2024-12-12 10:38:25,164915564.86199176
2024-12-12 10:38:30,163035459.42852437
2024-12-12 10:38:35,159326501.86784068
2024-12-12 10:38:40,159178992.140536
2024-12-12 10:38:45,157730797.0740555
2024-12-12 10:38:50,157297279.7981112
2024-12-12 10:38:55,157043600.53521508
2024-12-12 10:39:00,157043600.53521508
2024-12-12 10:39:05,156860174.45121372
2024-12-12 10:39:10,156156094.1042462
2024-12-12 10:39:15,150152010.92054963
2024-12-12 10:39:20,147297105.5596871
2024-12-12 10:39:25,143758625.67229348
2024-12-12 10:39:30,142108596.53876168
2024-12-12 10:39:35,137988121.18265003
2024-12-12 10:39:40,137061107.35827044
2024-12-12 10:39:45,135739107.12595153
2024-12-12 10:39:50,134834734.49065894
2024-12-12 10:39:55,134377339.11726725
2024-12-12 10:40:00,134377339.11726725
2024-12-12 10:40:05,134087467.15875491
2024-12-12 10:40:10,129106952.33492246
2024-12-12 10:40:15,125476441.48211622
2024-12-12 10:40:20,121489360.75674362
2024-12-12 10:40:25,114301055.1701425
2024-12-12 10:40:30,110168051.14333081
2024-12-12 10:40:35,107945289.96446049
2024-12-12 10:40:40,107576228.93057492
2024-12-12 10:40:45,106326318.53037748
2024-12-12 10:40:50,105398855.11581287
2024-12-12 10:40:55,104052404.66597995
2024-12-12 10:41:00,104052404.66597995
2024-12-12 10:41:05,104052404.66597995
2024-12-12 10:41:10,103244095.59891996
2024-12-12 10:41:15,89657233.92690553
2024-12-12 10:41:20,86120988.2458848
2024-12-12 10:41:25,83816443.96134794
2024-12-12 10:41:30,81378357.361209
2024-12-12 10:41:35,75757779.76679209
2024-12-12 10:41:40,74970000.99776027
2024-12-12 10:41:45,73907657.50172313
2024-12-12 10:41:50,72744265.27232519
2024-12-12 10:41:55,72475147.76554722
2024-12-12 10:42:00,72475147.76554722
2024-12-12 10:42:05,72476825.82662904
2024-12-12 10:42:10,69127903.7686318
2024-12-12 10:42:15,62841331.1796478
2024-12-12 10:42:20,57527773.42725235
2024-12-12 10:42:25,53691626.938051105
2024-12-12 10:42:30,51240009.87911191
2024-12-12 10:42:35,49784421.259731635
2024-12-12 10:42:40,49510714.95057882
2024-12-12 10:42:45,48282570.50687777
2024-12-12 10:42:50,47721379.04844445
2024-12-12 10:42:55,47210434.99450728
2024-12-12 10:43:00,47210434.781879514
2024-12-12 10:43:05,47204268.600826845
2024-12-12 10:43:10,41987498.23987096
2024-12-12 10:43:15,39955530.631614685
2024-12-12 10:43:20,36730881.26978465
2024-12-12 10:43:25,33723857.186099716
2024-12-12 10:43:30,32272059.00741152
2024-12-12 10:43:35,31487708.416755438
2024-12-12 10:43:40,31246137.0186074
2024-12-12 10:43:45,30326208.089357723
2024-12-12 10:43:50,29916245.714366525
2024-12-12 10:43:55,29937304.84610412
2024-12-12 10:44:00,29937304.84610412
2024-12-12 10:44:05,29918923.610325396
2024-12-12 10:44:10,29228616.945319593
2024-12-12 10:44:15,27204856.830676302
2024-12-12 10:44:20,24461734.26568523
2024-12-12 10:44:25,23482991.245431248
2024-12-12 10:44:30,23187936.771456786
2024-12-12 10:44:35,22786323.929474868
2024-12-12 10:44:40,22570744.797573283
2024-12-12 10:44:45,22322059.465698257
2024-12-12 10:44:50,22264135.79196708
2024-12-12 10:44:55,22244159.12342002
2024-12-12 10:45:00,22244159.12342002
2024-12-12 10:45:05,22211024.624651052
2024-12-12 10:45:10,20685408.78892286
2024-12-12 10:45:15,21010001.20825231
2024-12-12 10:45:20,20757142.671257406
2024-12-12 10:45:25,20465002.270668916
2024-12-12 10:45:30,20218645.4418962
2024-12-12 10:45:35,20447093.720829345
2024-12-12 10:45:40,20450464.292009167
2024-12-12 10:45:45,20442154.905166812
2024-12-12 10:45:50,20492022.073648535
2024-12-12 10:45:55,20501507.90631625
2024-12-12 10:46:00,20501507.90631625
2024-12-12 10:46:05,20501388.20893522
2024-12-12 10:46:10,20497723.26965338
2024-12-12 10:46:15,20015628.866484374
2024-12-12 10:46:20,20123835.187591717
2024-12-12 10:46:25,20207073.103532977
2024-12-12 10:46:30,20381308.69152359
2024-12-12 10:46:35,20479094.063906077
2024-12-12 10:46:40,20493888.667368963
2024-12-12 10:46:45,20394830.956982672
2024-12-12 10:46:50,20480208.22824774
2024-12-12 10:46:55,20483793.73035623
2024-12-12 10:47:00,20483793.73035623
2024-12-12 10:47:05,20481632.896917015
2024-12-12 10:47:10,20494395.11601957
2024-12-12 10:47:15,20505916.06549802
2024-12-12 10:47:20,20459211.23165097
2024-12-12 10:47:25,20413752.410631366
2024-12-12 10:47:30,20442158.669450298
2024-12-12 10:47:35,20562157.851490814
2024-12-12 10:47:40,20517205.496719386
2024-12-12 10:47:45,20524786.20359286
2024-12-12 10:47:50,20552850.740629263
2024-12-12 10:47:55,20539215.577097863
2024-12-12 10:48:00,20531920.02211505
2024-12-12 10:48:05,20523227.9047341
2024-12-12 10:48:10,20508143.03985402
2024-12-12 10:48:15,20004172.42855404
2024-12-12 10:48:20,20378546.075594492
2024-12-12 10:48:25,20186978.689710613
2024-12-12 10:48:30,20253219.340433102
2024-12-12 10:48:35,20323199.109943137
2024-12-12 10:48:40,20242512.48517017
2024-12-12 10:48:45,20251253.68176648
2024-12-12 10:48:50,20321262.070771925
2024-12-12 10:48:55,20366439.722550187
2024-12-12 10:49:00,20339578.605595883
2024-12-12 10:49:05,20312717.529830202
2024-12-12 10:49:10,20273247.15332945
2024-12-12 10:49:15,19898215.58631228
2024-12-12 10:49:20,20091109.124935605
2024-12-12 10:49:25,19910332.680431142
2024-12-12 10:49:30,19791186.528612524
2024-12-12 10:49:35,20009877.420310628
2024-12-12 10:49:40,19980434.70172886
2024-12-12 10:49:45,19946829.172016285
2024-12-12 10:49:50,19941417.53449823
2024-12-12 10:49:55,19968468.927710928
2024-12-12 10:50:00,19919820.714166872
2024-12-12 10:50:05,19873581.363109436
2024-12-12 10:50:10,19215819.377186872
2024-12-12 10:50:15,19389112.043425404
2024-12-12 10:50:20,19555635.02524509
2024-12-12 10:50:25,19324299.819060907
2024-12-12 10:50:30,19245766.31945928
2024-12-12 10:50:35,19466657.228269186
2024-12-12 10:50:40,19365146.04038718
2024-12-12 10:50:45,19189696.748391837
2024-12-12 10:50:50,19215303.312008444
2024-12-12 10:50:55,19172426.04702606
2024-12-12 10:51:00,19098940.91093369
2024-12-12 10:51:05,19024845.12574461
2024-12-12 10:51:10,18936366.201765805
2024-12-12 10:51:15,18434957.599351488
2024-12-12 10:51:20,18358050.347865615
2024-12-12 10:51:25,18197870.635117278
2024-12-12 10:51:30,18290208.218142252
2024-12-12 10:51:35,18131047.141081043
2024-12-12 10:51:40,18087610.48488867
2024-12-12 10:51:45,18069578.219446965
2024-12-12 10:51:50,18074034.854879156
2024-12-12 10:51:55,18090638.223385103
2024-12-12 10:52:00,18039795.497381262
2024-12-12 10:52:05,17988853.014710747
2024-12-12 10:52:10,17553575.948523253
2024-12-12 10:52:15,17513665.837912463
2024-12-12 10:52:20,17226672.205809515
2024-12-12 10:52:25,17300979.613678604
2024-12-12 10:52:30,17357394.38612269
2024-12-12 10:52:35,17423530.093387425
2024-12-12 10:52:40,17348966.908612177
2024-12-12 10:52:45,17386247.3341286
2024-12-12 10:52:50,17325487.12396731
2024-12-12 10:52:55,17360699.187498137
2024-12-12 10:53:00,17329875.622661173
2024-12-12 10:53:05,17292171.989265636
2024-12-12 10:53:10,16680187.954292707
2024-12-12 10:53:15,16553352.402115643
2024-12-12 10:53:20,16786960.1139156
2024-12-12 10:53:25,16469166.461430695
2024-12-12 10:53:30,16524417.579901844
2024-12-12 10:53:35,16571592.400058579
2024-12-12 10:53:40,16517829.442911208
2024-12-12 10:53:45,16418856.104752548
2024-12-12 10:53:50,16519145.239885215
2024-12-12 10:53:55,16586337.139201578
2024-12-12 10:54:00,16586337.139201578
2024-12-12 10:54:05,16589001.284281291
2024-12-12 10:54:10,16609879.952629391
2024-12-12 10:54:15,16635998.848536778
2024-12-12 10:54:20,16576538.791624043
2024-12-12 10:54:25,16604332.093783416
2024-12-12 10:54:30,16728098.253258452
2024-12-12 10:54:35,16775165.171098363
2024-12-12 10:54:40,16745412.093999207
2024-12-12 10:54:45,16705179.061139733
2024-12-12 10:54:50,16828114.658470526
2024-12-12 10:54:55,16908503.155654557
2024-12-12 10:55:00,16908503.155654557
2024-12-12 10:55:05,16909526.335435454
2024-12-12 10:55:10,16795094.7696127
2024-12-12 10:55:15,16843842.426415462
2024-12-12 10:55:20,16971223.435761437
2024-12-12 10:55:25,16875826.67938763
2024-12-12 10:55:30,16892116.949871045
2024-12-12 10:55:35,16998111.494085304
2024-12-12 10:55:40,16903727.12412834
2024-12-12 10:55:45,16898531.505679853
2024-12-12 10:55:50,16925563.750381604
2024-12-12 10:55:55,16922925.483900163
2024-12-12 10:56:00,16922925.483900163
2024-12-12 10:56:05,16922426.943802834
2024-12-12 10:56:10,16678212.255261268
2024-12-12 10:56:15,16575386.669595458
2024-12-12 10:56:20,16930003.97973918
2024-12-12 10:56:25,16847745.076095533
2024-12-12 10:56:30,16820015.37936603
2024-12-12 10:56:35,16802143.710603125
2024-12-12 10:56:40,16750929.62350188
2024-12-12 10:56:45,16670029.714755304
2024-12-12 10:56:50,16805598.323652804
2024-12-12 10:56:55,17036530.790132433
2024-12-12 10:57:00,17025176.157405186
2024-12-12 10:57:05,17013821.524677943
2024-12-12 10:57:10,16880298.60943017
2024-12-12 10:57:15,16996591.004709393
2024-12-12 10:57:20,16873282.072149985
2024-12-12 10:57:25,16791311.771131646
2024-12-12 10:57:30,16697597.526339237
2024-12-12 10:57:35,16520328.726155426
2024-12-12 10:57:40,16503649.659071699
2024-12-12 10:57:45,16748607.252482401
2024-12-12 10:57:50,16947512.794439554
2024-12-12 10:57:55,17034662.136943974
2024-12-12 10:58:00,17012965.28865305
2024-12-12 10:58:05,16990771.52440251
2024-12-12 10:58:10,16957761.736480672
2024-12-12 10:58:15,16910466.932544123
2024-12-12 10:58:20,16747391.253166812
2024-12-12 10:58:25,16787074.148294132
2024-12-12 10:58:30,16547830.814999133
2024-12-12 10:58:35,16526252.750000708
2024-12-12 10:58:40,16523685.843683876
2024-12-12 10:58:45,16486099.04888431
2024-12-12 10:58:50,16863186.603092037
2024-12-12 10:58:55,17001929.462944984
2024-12-12 10:59:00,16981208.52787836
2024-12-12 10:59:05,16956789.554139756
2024-12-12 10:59:10,16845552.770108428
2024-12-12 10:59:15,17021700.374370538
2024-12-12 10:59:20,16971073.17641865
2024-12-12 10:59:25,16758292.32063435
2024-12-12 10:59:30,16730683.063746408
2024-12-12 10:59:35,16617189.929649854
2024-12-12 10:59:40,16807213.039248575
2024-12-12 10:59:45,17100140.753923886
2024-12-12 10:59:50,17260232.875311352
2024-12-12 10:59:55,17411528.83455506
2024-12-12 11:00:00,17403642.575242277
2024-12-12 11:00:05,17265549.632607013
2024-12-12 11:00:10,17297112.189917706
2024-12-12 11:00:15,17172184.023736466
2024-12-12 11:00:20,17425037.89055682
2024-12-12 11:00:25,17338274.910140693
2024-12-12 11:00:30,17333455.016414814
2024-12-12 11:00:35,17293188.50885037
2024-12-12 11:00:40,17384321.944285534
2024-12-12 11:00:45,17349592.627482586
2024-12-12 11:00:50,17736034.037461884
2024-12-12 11:00:55,17763483.38775359
2024-12-12 11:01:00,17763483.38775359
2024-12-12 11:01:05,17763483.38775359
2024-12-12 11:01:10,17521595.973100074
2024-12-12 11:01:15,17456327.843373284
2024-12-12 11:01:20,17807613.13142675
2024-12-12 11:01:25,17849137.127354488
2024-12-12 11:01:30,17951675.0937627
2024-12-12 11:01:35,18003641.352650695
2024-12-12 11:01:40,18011058.954386227
2024-12-12 11:01:45,18056568.056455977
2024-12-12 11:01:50,18078496.242058672
2024-12-12 11:01:55,18126148.353284962
2024-12-12 11:02:00,18126148.30059719
2024-12-12 11:02:05,18126148.064571593
2024-12-12 11:02:10,18127068.23827146
2024-12-12 11:02:15,18023054.945535183
2024-12-12 11:02:20,18162287.593430318
2024-12-12 11:02:25,18165157.30393707
2024-12-12 11:02:30,18148176.2132643
2024-12-12 11:02:35,18251606.929910496
2024-12-12 11:02:40,18187745.154618688
2024-12-12 11:02:45,18197868.861155584
2024-12-12 11:02:50,18119304.809372324
2024-12-12 11:02:55,18271940.249730244
2024-12-12 11:03:00,18271940.249730244
2024-12-12 11:03:05,18262601.666492827
2024-12-12 11:03:10,18098891.64710979
2024-12-12 11:03:15,17946751.62471936
2024-12-12 11:03:20,17985986.363627218
2024-12-12 11:03:25,18002811.51838503
2024-12-12 11:03:30,18027085.411352903
2024-12-12 11:03:35,18060504.40299469
2024-12-12 11:03:40,18061183.80629716
2024-12-12 11:03:45,18061066.824481934
2024-12-12 11:03:50,18030818.398156412
2024-12-12 11:03:55,18011844.88660429
2024-12-12 11:04:00,18011844.88660429
2024-12-12 11:04:05,18011844.88660429
2024-12-12 11:04:10,17708687.324875228
2024-12-12 11:04:15,17563199.26290104
2024-12-12 11:04:20,17626148.470688112
2024-12-12 11:04:25,17900524.741466284
2024-12-12 11:04:30,17920362.905683566
2024-12-12 11:04:35,17925441.403027296
2024-12-12 11:04:40,17950687.182188973
2024-12-12 11:04:45,17898858.803261682
2024-12-12 11:04:50,17978567.015824974
2024-12-12 11:04:55,17968156.8076069
2024-12-12 11:05:00,17968156.8076069
2024-12-12 11:05:05,17807659.04081298
2024-12-12 11:05:10,17595883.858773828
2024-12-12 11:05:15,17616524.407721117
2024-12-12 11:05:20,17819183.38117049
2024-12-12 11:05:25,17816268.35805796
2024-12-12 11:05:30,17856440.646571316
2024-12-12 11:05:35,17853515.82726992
2024-12-12 11:05:40,17762714.63780683
2024-12-12 11:05:45,17565978.730040777
2024-12-12 11:05:50,17748460.4359235
2024-12-12 11:05:55,17849137.202468067
2024-12-12 11:06:00,17849137.202468067
2024-12-12 11:06:05,17849137.202468067
2024-12-12 11:06:10,17728761.790822282
2024-12-12 11:06:15,17859454.7773014
2024-12-12 11:06:20,17853928.172914676
2024-12-12 11:06:25,17811622.28653816
2024-12-12 11:06:30,17781043.876264617
2024-12-12 11:06:35,17879236.743762918
2024-12-12 11:06:40,17813330.24498498
2024-12-12 11:06:45,17843880.938646626
2024-12-12 11:06:50,17892322.581263416
2024-12-12 11:06:55,18061481.831722658
2024-12-12 11:07:00,18061481.831722658
2024-12-12 11:07:05,18068884.36447611
2024-12-12 11:07:10,17961961.30871591
2024-12-12 11:07:15,17768455.50925293
2024-12-12 11:07:20,17900944.111519855
2024-12-12 11:07:25,18184668.480783418
2024-12-12 11:07:30,18154568.982469074
2024-12-12 11:07:35,18251755.37171063
2024-12-12 11:07:40,18211421.247233286
2024-12-12 11:07:45,18190414.67709904
2024-12-12 11:07:50,18622767.676492035
2024-12-12 11:07:55,19040050.780030444
2024-12-12 11:08:00,19040050.780030444
2024-12-12 11:08:05,18881310.534699682
2024-12-12 11:08:10,18721659.28241285
2024-12-12 11:08:15,18829249.02937365
2024-12-12 11:08:20,19428624.915379487
2024-12-12 11:08:25,19467612.610257797
2024-12-12 11:08:30,19948179.927299753
2024-12-12 11:08:35,20205593.044357516
2024-12-12 11:08:40,20231323.53092275
2024-12-12 11:08:45,21498492.418841876
2024-12-12 11:08:50,22826946.984109905
2024-12-12 11:08:55,23324782.185706824
2024-12-12 11:09:00,23324782.185706824
2024-12-12 11:09:05,23324782.185706824
2024-12-12 11:09:10,23505427.14214945
2024-12-12 11:09:15,24158096.77881604
2024-12-12 11:09:20,24588142.468686767
2024-12-12 11:09:25,25630681.729689978
2024-12-12 11:09:30,26375547.70831223
2024-12-12 11:09:35,26582373.31407085
2024-12-12 11:09:40,26438724.310743824
2024-12-12 11:09:45,30123697.323421277
2024-12-12 11:09:50,32862773.41211011
2024-12-12 11:09:55,33944000.59706421
2024-12-12 11:10:00,33944000.59706421
2024-12-12 11:10:05,33863053.37856884
2024-12-12 11:10:10,34362574.21253027
2024-12-12 11:10:15,35160689.13725187
2024-12-12 11:10:20,38055799.25731829
2024-12-12 11:10:25,39898695.26737512
2024-12-12 11:10:30,40663595.54391604
2024-12-12 11:10:35,42346166.55115174
2024-12-12 11:10:40,42407894.736300215
2024-12-12 11:10:45,44363100.72500949
2024-12-12 11:10:50,49685676.60959598
2024-12-12 11:10:55,51308761.78740202
2024-12-12 11:11:00,51342898.61544888
2024-12-12 11:11:05,51400134.30351602
2024-12-12 11:11:10,52701789.84157203
2024-12-12 11:11:15,53557196.76419246
2024-12-12 11:11:20,57628317.96849273
2024-12-12 11:11:25,63536800.86436531
2024-12-12 11:11:30,66509551.36568402
2024-12-12 11:11:35,66959408.193604745
2024-12-12 11:11:40,69008980.41709085
2024-12-12 11:11:45,71867995.43398036
2024-12-12 11:11:50,75578903.8238165
2024-12-12 11:11:55,79069531.80718003
2024-12-12 11:12:00,79333350.66656272
2024-12-12 11:12:05,80138495.7653068
2024-12-12 11:12:10,81997227.12909146
2024-12-12 11:12:15,84637083.69523342
2024-12-12 11:12:20,87715638.07277143
2024-12-12 11:12:25,92286308.65434182
2024-12-12 11:12:30,96379614.96824436
2024-12-12 11:12:35,98048202.14190073
2024-12-12 11:12:40,97711778.55720721
2024-12-12 11:12:45,101152662.76518586
2024-12-12 11:12:50,106237123.49403656
2024-12-12 11:12:55,109969980.45533791
2024-12-12 11:13:00,110559883.83740015
2024-12-12 11:13:05,111149598.63111718
2024-12-12 11:13:10,112276296.35744041
2024-12-12 11:13:15,116523519.71255659
2024-12-12 11:13:20,120549274.87260772
2024-12-12 11:13:25,123806250.68798387
2024-12-12 11:13:30,129590459.38623506
2024-12-12 11:13:35,130514381.63131922
2024-12-12 11:13:40,131416997.29393384
2024-12-12 11:13:45,132960148.91916746
2024-12-12 11:13:50,136596599.67886192
2024-12-12 11:13:55,138763772.4926063
2024-12-12 11:14:00,139498228.68049335
2024-12-12 11:14:05,140234609.36457103
2024-12-12 11:14:10,141046133.77136236
2024-12-12 11:14:15,144270407.7373482
2024-12-12 11:14:20,146987187.29316086
2024-12-12 11:14:25,150643259.1420948
2024-12-12 11:14:30,152056933.51706648
2024-12-12 11:14:35,153862827.1970327
2024-12-12 11:14:40,154518096.83314764
2024-12-12 11:14:45,155210212.13484132
2024-12-12 11:14:50,157449627.24954164
2024-12-12 11:14:55,159464755.3999599
2024-12-12 11:15:00,159934679.12402916
2024-12-12 11:15:05,160372152.5827605
2024-12-12 11:15:10,161619012.89606434
2024-12-12 11:15:15,160961918.83958995
2024-12-12 11:15:20,162637032.19401965
2024-12-12 11:15:25,165600957.13800564
2024-12-12 11:15:30,167307086.47212672
2024-12-12 11:15:35,168625586.60726905
2024-12-12 11:15:40,169110816.77232236
2024-12-12 11:15:45,168890908.6768322
2024-12-12 11:15:50,169624760.38779667
2024-12-12 11:15:55,171709324.68722284
2024-12-12 11:16:00,172037868.96072474
2024-12-12 11:16:05,172366413.0895575
2024-12-12 11:16:10,169263566.47736531
2024-12-12 11:16:15,169573555.3637036
2024-12-12 11:16:20,172548493.57583737
2024-12-12 11:16:25,174762022.41417187
2024-12-12 11:16:30,175545022.37001646
2024-12-12 11:16:35,175789598.32290828
2024-12-12 11:16:40,175132019.6494364
2024-12-12 11:16:45,175476891.9668408
2024-12-12 11:16:50,175660156.84026372
2024-12-12 11:16:55,176428355.89625466
2024-12-12 11:17:00,176431684.36771917
2024-12-12 11:17:05,176460156.36160868
2024-12-12 11:17:10,175625810.0584834
2024-12-12 11:17:15,175499982.68417645
2024-12-12 11:17:20,175386839.02739018
2024-12-12 11:17:25,175554730.08639187
2024-12-12 11:17:30,175282813.42951107
2024-12-12 11:17:35,176195986.73703635
2024-12-12 11:17:40,174798751.80252057
2024-12-12 11:17:45,173851338.3627864
2024-12-12 11:17:50,174763473.68942896
2024-12-12 11:17:55,176605669.244982
2024-12-12 11:18:00,176609336.81693283
2024-12-12 11:18:05,176613008.086595
2024-12-12 11:18:10,174953345.84637868
2024-12-12 11:18:15,172823552.82757282
2024-12-12 11:18:20,175751607.02618796
2024-12-12 11:18:25,175642124.37157375
2024-12-12 11:18:30,176989107.54768592
2024-12-12 11:18:35,176359135.14746746
2024-12-12 11:18:40,173874023.05390567
2024-12-12 11:18:45,176394571.8743376
2024-12-12 11:18:50,177180470.96661884
2024-12-12 11:18:55,177174230.73384973
2024-12-12 11:19:00,177174230.73384973
2024-12-12 11:19:05,177168874.10893378
2024-12-12 11:19:10,176009009.72950178
2024-12-12 11:19:15,176159253.6951964
2024-12-12 11:19:20,176306759.90421146
2024-12-12 11:19:25,176237554.1824773
2024-12-12 11:19:30,175462807.74452263
2024-12-12 11:19:35,176085973.61772394
2024-12-12 11:19:40,174964635.68226987
2024-12-12 11:19:45,173414481.77117068
2024-12-12 11:19:50,174047709.7903278
2024-12-12 11:19:55,175633011.3952858
2024-12-12 11:20:00,175633011.3952858
2024-12-12 11:20:05,175633504.71760547
2024-12-12 11:20:10,171842692.6384981
2024-12-12 11:20:15,172948245.491585
2024-12-12 11:20:20,174997958.38286906
2024-12-12 11:20:25,175955348.19666708
2024-12-12 11:20:30,175480799.32190403
2024-12-12 11:20:35,176156992.42925328
2024-12-12 11:20:40,175398819.3764799
2024-12-12 11:20:45,173822104.36000484
2024-12-12 11:20:50,174786801.3113802
2024-12-12 11:20:55,176097162.4825073
2024-12-12 11:21:00,176097162.4825073
2024-12-12 11:21:05,176107544.2060818
2024-12-12 11:21:10,174220948.65867513
2024-12-12 11:21:15,173418128.98422733
2024-12-12 11:21:20,174337961.2351171
2024-12-12 11:21:25,175508072.5583508
2024-12-12 11:21:30,176022617.04423374
2024-12-12 11:21:35,175046246.87883773
2024-12-12 11:21:40,174903594.93837833
2024-12-12 11:21:45,175327894.92515892
2024-12-12 11:21:50,176041189.03305373
2024-12-12 11:21:55,176216598.73951197
2024-12-12 11:22:00,176216598.73951197
2024-12-12 11:22:05,175132459.27300698
2024-12-12 11:22:10,173176310.9683878
2024-12-12 11:22:15,173907198.8182648
2024-12-12 11:22:20,174402160.07608235
2024-12-12 11:22:25,174757422.9569538
2024-12-12 11:22:30,175055137.33483917
2024-12-12 11:22:35,177158265.54164577
2024-12-12 11:22:40,176839981.16947195
2024-12-12 11:22:45,175453803.27493027
2024-12-12 11:22:50,177096065.33618268
2024-12-12 11:22:55,177136605.0109057
2024-12-12 11:23:00,177136605.0109057
2024-12-12 11:23:05,177165423.8573829
2024-12-12 11:23:10,177186577.5397538
2024-12-12 11:23:15,175863745.2265012
2024-12-12 11:23:20,176961942.77834755
2024-12-12 11:23:25,177234455.80155897
2024-12-12 11:23:30,177294205.47952065
2024-12-12 11:23:35,177904751.49790776
2024-12-12 11:23:40,177068780.01078632
2024-12-12 11:23:45,176634608.4008239
2024-12-12 11:23:50,177470412.15172786
2024-12-12 11:23:55,178346756.92398632
2024-12-12 11:24:00,178346756.92398632
2024-12-12 11:24:05,178287289.12456247
2024-12-12 11:24:10,177448274.86125082
2024-12-12 11:24:15,177439607.47571376
2024-12-12 11:24:20,176754562.55830306
2024-12-12 11:24:25,175823935.09526575
2024-12-12 11:24:30,174698531.8151986
2024-12-12 11:24:35,174432552.19333592
2024-12-12 11:24:40,172053667.5274222
2024-12-12 11:24:45,170745789.05657172
2024-12-12 11:24:50,172448785.34107295
2024-12-12 11:24:55,172025525.27900627
2024-12-12 11:25:00,172025524.83619103
2024-12-12 11:25:05,172023675.73400527
2024-12-12 11:25:10,169322552.98954982
2024-12-12 11:25:15,168940903.8682254
2024-12-12 11:25:20,168152289.73243207
2024-12-12 11:25:25,166294437.97086114
2024-12-12 11:25:30,163904800.54428968
2024-12-12 11:25:35,163365416.8253289
2024-12-12 11:25:40,162218410.02559426
2024-12-12 11:25:45,160014640.6835908
2024-12-12 11:25:50,159328389.12223458
2024-12-12 11:25:55,157826116.8957367
2024-12-12 11:26:00,157826116.8957367
2024-12-12 11:26:05,156742467.1923993
2024-12-12 11:26:10,157605607.87909526
2024-12-12 11:26:15,153003383.2329115
2024-12-12 11:26:20,148250093.94018933
2024-12-12 11:26:25,145312551.83798766
2024-12-12 11:26:30,143700385.7283458
2024-12-12 11:26:35,143013005.22407123
2024-12-12 11:26:40,139553162.41663575
2024-12-12 11:26:45,137179110.42505342
2024-12-12 11:26:50,134591197.97105005
2024-12-12 11:26:55,134311332.8048538
2024-12-12 11:27:00,134311332.8048538
2024-12-12 11:27:05,134307931.4492306
2024-12-12 11:27:10,131950791.97220755
2024-12-12 11:27:15,127391098.95875356
2024-12-12 11:27:20,122678413.42991006
2024-12-12 11:27:25,120149783.81464595
2024-12-12 11:27:30,117798167.27768101
2024-12-12 11:27:35,115272417.69730717
2024-12-12 11:27:40,114599895.48077953
2024-12-12 11:27:45,107630337.50346756
2024-12-12 11:27:50,104828372.41554824
2024-12-12 11:27:55,102935870.0684867
2024-12-12 11:28:00,102935870.0684867
2024-12-12 11:28:05,102264166.03295079
2024-12-12 11:28:10,99814065.6179833
2024-12-12 11:28:15,96015857.54636362
2024-12-12 11:28:20,91634450.81151159
2024-12-12 11:28:25,87410590.6289889
2024-12-12 11:28:30,84219996.37700075
2024-12-12 11:28:35,83065271.7192835
2024-12-12 11:28:40,81744723.43880033
2024-12-12 11:28:45,75245561.78651416
2024-12-12 11:28:50,73579702.24249709
2024-12-12 11:28:55,70622715.96552888
2024-12-12 11:29:00,70622715.96552888
2024-12-12 11:29:05,69263861.49707189
2024-12-12 11:29:10,67368757.76793532
2024-12-12 11:29:15,66968957.31928274
2024-12-12 11:29:20,62152463.59263459
2024-12-12 11:29:25,59123666.11351752
2024-12-12 11:29:30,57000281.107676074
2024-12-12 11:29:35,55466394.52601139
2024-12-12 11:29:40,53912496.18548882
2024-12-12 11:29:45,52511993.77015376
2024-12-12 11:29:50,47943476.92386274
2024-12-12 11:29:55,46660931.10580899
2024-12-12 11:30:00,46660931.2139223
2024-12-12 11:30:05,46660931.09357389
2024-12-12 11:30:10,44386665.73454572
2024-12-12 11:30:15,42168880.54738913
2024-12-12 11:30:20,40421769.527463004
2024-12-12 11:30:25,38483534.310328506
2024-12-12 11:30:30,36253234.11666039
2024-12-12 11:30:35,35888026.000905655
2024-12-12 11:30:40,34583979.28822583
2024-12-12 11:30:45,32310435.616731282
2024-12-12 11:30:50,31269263.305821426
2024-12-12 11:30:55,30411442.885210764
2024-12-12 11:31:00,30411442.885210764
2024-12-12 11:31:05,30354339.541239917
2024-12-12 11:31:10,30122694.684586808
2024-12-12 11:31:15,28857247.526233602
2024-12-12 11:31:20,27651976.506854527
2024-12-12 11:31:25,26841605.547198884
2024-12-12 11:31:30,25835652.51048871
2024-12-12 11:31:35,25645669.210620172
2024-12-12 11:31:40,24690495.582940474
2024-12-12 11:31:45,23282947.153447002
2024-12-12 11:31:50,23171412.34789694
2024-12-12 11:31:55,22971804.63919281
2024-12-12 11:32:00,22971804.598448105
2024-12-12 11:32:05,22971804.629668888
2024-12-12 11:32:10,22094635.316336475
2024-12-12 11:32:15,21839544.21176383
2024-12-12 11:32:20,21349356.44951766
2024-12-12 11:32:25,21765875.18687518
2024-12-12 11:32:30,21721279.02682707
2024-12-12 11:32:35,21628717.328988336
2024-12-12 11:32:40,21542277.944597468
2024-12-12 11:32:45,21333334.761977136
2024-12-12 11:32:50,21224043.593701854
2024-12-12 11:32:55,21249027.809374165
2024-12-12 11:33:00,21249027.809374165
2024-12-12 11:33:05,21236247.064024385
2024-12-12 11:33:10,21216419.653860897
2024-12-12 11:33:15,21123803.556538545
2024-12-12 11:33:20,21104283.33706722
2024-12-12 11:33:25,20856402.12537521
2024-12-12 11:33:30,21030373.952188347
2024-12-12 11:33:35,21189792.14113333
2024-12-12 11:33:40,21096565.70257645
2024-12-12 11:33:45,21039268.208997052
2024-12-12 11:33:50,21028491.446470942
2024-12-12 11:33:55,21172533.012173235
2024-12-12 11:34:00,21172533.012173235
2024-12-12 11:34:05,20994293.93647108
2024-12-12 11:34:10,20647099.28434868
2024-12-12 11:34:15,20719636.206949484
2024-12-12 11:34:20,20730377.8861184
2024-12-12 11:34:25,20821925.594374463
2024-12-12 11:34:30,20877532.170312382
2024-12-12 11:34:35,20945541.082656626
2024-12-12 11:34:40,20889369.480545443
2024-12-12 11:34:45,20802763.751017734
2024-12-12 11:34:50,20774155.751812354
2024-12-12 11:34:55,20859479.42924703
2024-12-12 11:35:00,20859737.07821466
2024-12-12 11:35:05,20855400.216177747
2024-12-12 11:35:10,20667755.525136434
2024-12-12 11:35:15,20593001.253369566
2024-12-12 11:35:20,20534417.06071662
2024-12-12 11:35:25,20523986.882497944
2024-12-12 11:35:30,20350693.23317229
2024-12-12 11:35:35,20558193.609813217
2024-12-12 11:35:40,20539907.701245833
2024-12-12 11:35:45,20475758.87919634
2024-12-12 11:35:50,20536417.97906802
2024-12-12 11:35:55,20586038.08571767
2024-12-12 11:36:00,20577425.431910373
2024-12-12 11:36:05,20420762.59605266
2024-12-12 11:36:10,20182130.13028086
2024-12-12 11:36:15,19841143.48442149
2024-12-12 11:36:20,20284279.164116405
2024-12-12 11:36:25,20205507.892637283
2024-12-12 11:36:30,20073531.33734539
2024-12-12 11:36:35,20112704.614028715
2024-12-12 11:36:40,20143515.723772965
2024-12-12 11:36:45,20166933.8344565
2024-12-12 11:36:50,20157542.42251189
2024-12-12 11:36:55,20219244.06077101
2024-12-12 11:37:00,20203426.86300347
2024-12-12 11:37:05,20187609.66523593
2024-12-12 11:37:10,20181578.211372677
2024-12-12 11:37:15,19862412.645925596
2024-12-12 11:37:20,19991881.39006982
2024-12-12 11:37:25,19864144.78610283
2024-12-12 11:37:30,19656945.810778864
2024-12-12 11:37:35,19428986.05912125
2024-12-12 11:37:40,19423689.023155868
2024-12-12 11:37:45,19275802.641963206
2024-12-12 11:37:50,19439723.95927061
2024-12-12 11:37:55,19451946.09511003
2024-12-12 11:38:00,19427171.205512874
2024-12-12 11:38:05,19213399.631591268
2024-12-12 11:38:10,18902054.96427197
2024-12-12 11:38:15,18936069.614613906
2024-12-12 11:38:20,18963549.733186305
2024-12-12 11:38:25,18805238.107275754
2024-12-12 11:38:30,18794504.172183737
2024-12-12 11:38:35,18685873.72560915
2024-12-12 11:38:40,18647833.613373112
2024-12-12 11:38:45,18601458.89973281
2024-12-12 11:38:50,18711776.32268348
2024-12-12 11:38:55,18805955.244659584
2024-12-12 11:39:00,18790156.90361218
2024-12-12 11:39:05,18776861.460532952
2024-12-12 11:39:10,18611703.207868524
2024-12-12 11:39:15,18604055.1225644
2024-12-12 11:39:20,18861712.207490202
2024-12-12 11:39:25,18698239.34597832
2024-12-12 11:39:30,18672579.78432157
2024-12-12 11:39:35,18708051.33963565
2024-12-12 11:39:40,18705150.718955483
2024-12-12 11:39:45,18688613.91203941
2024-12-12 11:39:50,18823618.756053142
2024-12-12 11:39:55,18939680.42303937
2024-12-12 11:40:00,18930380.424145147
2024-12-12 11:40:05,18932195.39640715
2024-12-12 11:40:10,18894039.765148137
2024-12-12 11:40:15,18975251.77180121
2024-12-12 11:40:20,19508879.377585202
2024-12-12 11:40:25,19291183.1179735
2024-12-12 11:40:30,19312711.958901178
2024-12-12 11:40:35,19313748.257488165
2024-12-12 11:40:40,19362180.175451245
2024-12-12 11:40:45,19337195.532544926
2024-12-12 11:40:50,19513500.284464516
2024-12-12 11:40:55,19556111.16350323
2024-12-12 11:41:00,19515321.777850747
2024-12-12 11:41:05,19474532.486080498
2024-12-12 11:41:10,19464423.314781986
2024-12-12 11:41:15,19224331.831268743
2024-12-12 11:41:20,19358544.092580944
2024-12-12 11:41:25,19530298.160377067
2024-12-12 11:41:30,19641779.401267014
2024-12-12 11:41:35,19667071.59815429
2024-12-12 11:41:40,19594626.99989052
2024-12-12 11:41:45,19698116.42034004
2024-12-12 11:41:50,19734956.595380805
2024-12-12 11:41:55,19750492.944154747
2024-12-12 11:42:00,19702558.70964942
2024-12-12 11:42:05,19654624.475144096
2024-12-12 11:42:10,19506430.25228302
2024-12-12 11:42:15,19466698.633920528
2024-12-12 11:42:20,19391134.527901627
2024-12-12 11:42:25,19436284.723934148
2024-12-12 11:42:30,19489368.894628853
2024-12-12 11:42:35,19585873.76371246
2024-12-12 11:42:40,19497038.193778962
2024-12-12 11:42:45,19359671.705604814
2024-12-12 11:42:50,19409630.8313106
2024-12-12 11:42:55,19377078.787536167
2024-12-12 11:43:00,19327034.54468197
2024-12-12 11:43:05,19106226.995251745
2024-12-12 11:43:10,18637705.377962165
2024-12-12 11:43:15,18748455.63261631
2024-12-12 11:43:20,18371627.238915183
2024-12-12 11:43:25,18514290.97854255
2024-12-12 11:43:30,18438822.462352708
2024-12-12 11:43:35,18115545.13522117
2024-12-12 11:43:40,17876308.30513423
2024-12-12 11:43:45,17904839.788073976
2024-12-12 11:43:50,17919202.7044505
2024-12-12 11:43:55,17909329.01348176
2024-12-12 11:44:00,17905034.711944975
2024-12-12 11:44:05,17815293.662815146
2024-12-12 11:44:10,17602628.769340195
2024-12-12 11:44:15,17222239.750523463
2024-12-12 11:44:20,17312158.854393754
2024-12-12 11:44:25,17128403.507724144
2024-12-12 11:44:30,17212563.728847127
2024-12-12 11:44:35,17204900.301420685
2024-12-12 11:44:40,17116697.49519006
2024-12-12 11:44:45,16962208.53873372
2024-12-12 11:44:50,17002816.360448413
2024-12-12 11:44:55,16862840.77989863
2024-12-12 11:45:00,16862840.77989863
2024-12-12 11:45:05,16862836.67532396
2024-12-12 11:45:10,16701435.287755001
2024-12-12 11:45:15,16496349.2505383
2024-12-12 11:45:20,16496128.014464114
2024-12-12 11:45:25,16596366.88446014
2024-12-12 11:45:30,16688206.764042322
2024-12-12 11:45:35,16616366.61833788
2024-12-12 11:45:40,16624925.340849781
2024-12-12 11:45:45,16526832.73038033
2024-12-12 11:45:50,16585862.077552013
2024-12-12 11:45:55,16649678.300567914
2024-12-12 11:46:00,16649678.300567914
2024-12-12 11:46:05,16649684.767072085
2024-12-12 11:46:10,16667174.845213678
2024-12-12 11:46:15,16379081.714546455
2024-12-12 11:46:20,16605984.928553613
2024-12-12 11:46:25,16585765.348459605
2024-12-12 11:46:30,16651636.983829863
2024-12-12 11:46:35,16738799.740959443
2024-12-12 11:46:40,16751888.28396146
2024-12-12 11:46:45,16821881.924897473
2024-12-12 11:46:50,16868538.299253125
2024-12-12 11:46:55,16881435.25137479
2024-12-12 11:47:00,16881435.25137479
2024-12-12 11:47:05,16881435.25137479
2024-12-12 11:47:10,16819625.485720128
2024-12-12 11:47:15,16366119.24893919
2024-12-12 11:47:20,16774771.60079316
2024-12-12 11:47:25,16933006.84557941
2024-12-12 11:47:30,17018624.85970866
2024-12-12 11:47:35,17022885.313592993
2024-12-12 11:47:40,16924674.558198165
2024-12-12 11:47:45,17046209.681924343
2024-12-12 11:47:50,17167250.77155013
2024-12-12 11:47:55,17168679.82848397
2024-12-12 11:48:00,17168679.82848397
2024-12-12 11:48:05,17168616.46162287
2024-12-12 11:48:10,17037619.432629988
2024-12-12 11:48:15,17035674.188678436
2024-12-12 11:48:20,16920488.538384225
2024-12-12 11:48:25,17101388.603278995
2024-12-12 11:48:30,17088383.859043945
2024-12-12 11:48:35,17097793.581047975
2024-12-12 11:48:40,16883349.79360033
2024-12-12 11:48:45,16955673.464296483
2024-12-12 11:48:50,16914263.29481854
2024-12-12 11:48:55,16942153.198027782
2024-12-12 11:49:00,16942153.198027782
2024-12-12 11:49:05,16795117.164449316
2024-12-12 11:49:10,16658504.724997807
2024-12-12 11:49:15,16597355.734053519
2024-12-12 11:49:20,16869730.70595652
2024-12-12 11:49:25,16853354.790940773
2024-12-12 11:49:30,16855353.42404329
2024-12-12 11:49:35,16862244.31881515
2024-12-12 11:49:40,16712906.817137804
2024-12-12 11:49:45,16890521.35717601
2024-12-12 11:49:50,17145920.68437502
2024-12-12 11:49:55,17437058.92565871
2024-12-12 11:50:00,17437058.92565871
2024-12-12 11:50:05,17437058.568538748
2024-12-12 11:50:10,17294870.527107004
2024-12-12 11:50:15,17233103.088322423
2024-12-12 11:50:20,17321178.605525315
2024-12-12 11:50:25,17294953.0426304
2024-12-12 11:50:30,17125247.146922573
2024-12-12 11:50:35,17269697.056231063
2024-12-12 11:50:40,17208132.271203663
2024-12-12 11:50:45,17135495.347791713
2024-12-12 11:50:50,17254413.000962224
2024-12-12 11:50:55,17204883.709508114
2024-12-12 11:51:00,17204883.709508114
2024-12-12 11:51:05,17204972.988924406
2024-12-12 11:51:10,16994243.56127514
2024-12-12 11:51:15,17010911.49257429
2024-12-12 11:51:20,17105560.861643985
2024-12-12 11:51:25,17141782.434003204
2024-12-12 11:51:30,17123678.414648972
2024-12-12 11:51:35,17003895.162711136
2024-12-12 11:51:40,17079763.72955604
2024-12-12 11:51:45,16989358.658640824
2024-12-12 11:51:50,16968840.80154465
2024-12-12 11:51:55,16856505.459612057
2024-12-12 11:52:00,16856505.459612057
2024-12-12 11:52:05,16856510.428148575
2024-12-12 11:52:10,16832133.946974877
2024-12-12 11:52:15,16423838.50432717
2024-12-12 11:52:20,16505796.396495042
2024-12-12 11:52:25,16709580.886042375
2024-12-12 11:52:30,16655050.162355501
2024-12-12 11:52:35,16798528.724771984
2024-12-12 11:52:40,16727112.398356933
2024-12-12 11:52:45,16702997.182843056
2024-12-12 11:52:50,16809587.653269984
2024-12-12 11:52:55,16848261.851223767
2024-12-12 11:53:00,16848261.851223767
2024-12-12 11:53:05,16848257.60693653
2024-12-12 11:53:10,16705434.597189015
2024-12-12 11:53:15,16900967.92707491
2024-12-12 11:53:20,16774123.451625418
2024-12-12 11:53:25,16931169.29248038
2024-12-12 11:53:30,16934491.541769814
2024-12-12 11:53:35,16926707.859367132
2024-12-12 11:53:40,16703745.03635899
2024-12-12 11:53:45,16480105.405670986
2024-12-12 11:53:50,16446655.393013295
2024-12-12 11:53:55,16325036.07465113
2024-12-12 11:54:00,16325036.07465113
2024-12-12 11:54:05,16324895.757019762
2024-12-12 11:54:10,16205830.140900377
2024-12-12 11:54:15,16245108.566145115
2024-12-12 11:54:20,16299115.084171098
2024-12-12 11:54:25,16216690.736654501
2024-12-12 11:54:30,16235401.780300137
2024-12-12 11:54:35,16164981.237667993
2024-12-12 11:54:40,16034159.142104246
2024-12-12 11:54:45,15860717.464407034
2024-12-12 11:54:50,15735714.92219708
2024-12-12 11:54:55,15685851.433278896
2024-12-12 11:55:00,15685851.433278896
2024-12-12 11:55:05,15685851.433278896
2024-12-12 11:55:10,15429268.055168796
2024-12-12 11:55:15,15060199.095334433
