timestamp,value
2024-11-26 20:54:12,6.650000000003143
2024-11-26 20:54:17,6.650000000003143
2024-11-26 20:54:22,6.466666666646101
2024-11-26 20:54:27,6.466666666646101
2024-11-26 20:54:32,6.466666666646101
2024-11-26 20:54:37,6.466666666646101
2024-11-26 20:54:42,6.466666666646101
2024-11-26 20:54:47,6.466666666646101
2024-11-26 20:54:52,6.466666666646101
2024-11-26 20:54:57,6.466666666646101
2024-11-26 20:55:02,6.466666666646101
2024-11-26 20:55:07,6.466666666646101
2024-11-26 20:55:12,6.466666666646101
2024-11-26 20:55:17,6.466666666646101
2024-11-26 20:55:22,6.441666666668956
2024-11-26 20:55:27,6.441666666668956
2024-11-26 20:55:32,6.441666666668956
2024-11-26 20:55:37,6.441666666668956
2024-11-26 20:55:42,6.441666666668956
2024-11-26 20:55:47,6.441666666668956
2024-11-26 20:55:52,6.441666666668956
2024-11-26 20:55:57,6.441666666668956
2024-11-26 20:56:02,6.441666666668956
2024-11-26 20:56:07,6.441666666668956
2024-11-26 20:56:12,6.441666666668956
2024-11-26 20:56:17,6.441666666668956
2024-11-26 20:56:22,6.266666666659073
2024-11-26 20:56:27,6.266666666659073
2024-11-26 20:56:32,6.266666666659073
2024-11-26 20:56:37,6.266666666659073
2024-11-26 20:56:42,6.266666666659073
2024-11-26 20:56:47,6.266666666659073
2024-11-26 20:56:52,6.266666666659073
2024-11-26 20:56:57,6.266666666659073
2024-11-26 20:57:02,6.266666666659073
2024-11-26 20:57:07,6.266666666659073
2024-11-26 20:57:12,6.266666666659073
2024-11-26 20:57:17,6.266666666659073
2024-11-26 20:57:22,6.2625000000036835
2024-11-26 20:57:27,6.2625000000036835
2024-11-26 20:57:32,6.2625000000036835
2024-11-26 20:57:37,6.2625000000036835
2024-11-26 20:57:42,6.2625000000036835
2024-11-26 20:57:47,6.2625000000036835
2024-11-26 20:57:52,6.2625000000036835
2024-11-26 20:57:57,6.2625000000036835
2024-11-26 20:58:02,6.2625000000036835
2024-11-26 20:58:07,6.2625000000036835
2024-11-26 20:58:12,6.2625000000036835
2024-11-26 20:58:17,6.2625000000036835
2024-11-26 20:58:22,6.191666666669845
2024-11-26 20:58:27,6.191666666669845
2024-11-26 20:58:32,6.191666666669845
2024-11-26 20:58:37,6.191666666669845
2024-11-26 20:58:42,6.191666666669845
2024-11-26 20:58:47,6.191666666669845
2024-11-26 20:58:52,6.191666666669845
2024-11-26 20:58:57,6.191666666669845
2024-11-26 20:59:02,6.191666666669845
2024-11-26 20:59:07,6.191666666669845
2024-11-26 20:59:12,6.191666666669845
2024-11-26 20:59:17,6.191666666669845
2024-11-26 20:59:22,5.995833333328733
2024-11-26 20:59:27,5.995833333328733
2024-11-26 20:59:32,5.995833333328733
2024-11-26 20:59:37,5.995833333328733
2024-11-26 20:59:42,5.995833333328733
2024-11-26 20:59:47,5.995833333328733
2024-11-26 20:59:52,5.995833333328733
2024-11-26 20:59:57,5.995833333328733
2024-11-26 21:00:02,5.995833333328733
2024-11-26 21:00:07,5.995833333328733
2024-11-26 21:00:12,5.995833333328733
2024-11-26 21:00:17,5.995833333328733
2024-11-26 21:00:22,6.000000000018133
2024-11-26 21:00:27,6.000000000018133
2024-11-26 21:00:32,6.000000000018133
2024-11-26 21:00:37,6.000000000018133
2024-11-26 21:00:42,6.000000000018133
2024-11-26 21:00:47,6.000000000018133
2024-11-26 21:00:52,6.000000000018133
2024-11-26 21:00:57,6.000000000018133
2024-11-26 21:01:02,6.000000000018133
2024-11-26 21:01:07,6.000000000018133
2024-11-26 21:01:12,6.000000000018133
2024-11-26 21:01:17,6.000000000018133
2024-11-26 21:01:22,6.0333333333270875
2024-11-26 21:01:27,6.0333333333270875
2024-11-26 21:01:32,6.0333333333270875
2024-11-26 21:01:37,6.0333333333270875
2024-11-26 21:01:42,6.0333333333270875
2024-11-26 21:01:47,6.0333333333270875
2024-11-26 21:01:52,6.0333333333270875
2024-11-26 21:01:57,6.0333333333270875
2024-11-26 21:02:02,6.0333333333270875
2024-11-26 21:02:07,6.0333333333270875
2024-11-26 21:02:12,6.0333333333270875
2024-11-26 21:02:17,6.0333333333270875
2024-11-26 21:02:22,6.237499999998022
2024-11-26 21:02:27,6.237499999998022
2024-11-26 21:02:32,6.237499999998022
2024-11-26 21:02:37,6.237499999998022
2024-11-26 21:02:42,6.237499999998022
2024-11-26 21:02:47,6.237499999998022
2024-11-26 21:02:52,6.237499999998022
2024-11-26 21:02:57,6.237499999998022
2024-11-26 21:03:02,6.237499999998022
2024-11-26 21:03:07,6.237499999998022
2024-11-26 21:03:12,6.237499999998022
2024-11-26 21:03:17,6.237499999998022
2024-11-26 21:03:22,6.470833333336164
2024-11-26 21:03:27,6.470833333336164
2024-11-26 21:03:32,6.470833333336164
2024-11-26 21:03:37,6.470833333336164
2024-11-26 21:03:42,6.470833333336164
2024-11-26 21:03:47,6.470833333336164
2024-11-26 21:03:52,6.470833333336164
2024-11-26 21:03:57,6.470833333336164
2024-11-26 21:04:02,6.470833333336164
2024-11-26 21:04:07,6.470833333336164
2024-11-26 21:04:12,6.470833333336164
2024-11-26 21:04:17,6.470833333336164
2024-11-26 21:04:22,6.591666666670052
2024-11-26 21:04:27,6.591666666670052
2024-11-26 21:04:32,6.591666666670052
2024-11-26 21:04:37,6.591666666670052
2024-11-26 21:04:42,6.591666666670052
2024-11-26 21:04:47,6.591666666670052
2024-11-26 21:04:52,6.591666666670052
2024-11-26 21:04:57,6.591666666670052
2024-11-26 21:05:02,6.591666666670052
2024-11-26 21:05:07,6.591666666670052
2024-11-26 21:05:12,6.591666666670052
2024-11-26 21:05:17,6.591666666670052
2024-11-26 21:05:22,6.866666666669801
2024-11-26 21:05:27,6.866666666669801
2024-11-26 21:05:32,6.866666666669801
2024-11-26 21:05:37,6.866666666669801
2024-11-26 21:05:42,6.866666666669801
2024-11-26 21:05:47,6.866666666669801
2024-11-26 21:05:52,6.866666666669801
2024-11-26 21:05:57,6.866666666669801
2024-11-26 21:06:02,6.866666666669801
2024-11-26 21:06:07,6.866666666669801
2024-11-26 21:06:12,6.866666666669801
2024-11-26 21:06:17,6.866666666669801
2024-11-26 21:06:22,6.845833333354108
2024-11-26 21:06:27,6.845833333354108
2024-11-26 21:06:32,6.845833333354108
2024-11-26 21:06:37,6.845833333354108
2024-11-26 21:06:42,6.845833333354108
2024-11-26 21:06:47,6.845833333354108
2024-11-26 21:06:52,6.845833333354108
2024-11-26 21:06:57,6.845833333354108
2024-11-26 21:07:02,6.845833333354108
2024-11-26 21:07:07,6.845833333354108
2024-11-26 21:07:12,6.845833333354108
2024-11-26 21:07:17,6.845833333354108
2024-11-26 21:07:22,6.762500000006924
2024-11-26 21:07:27,6.762500000006924
2024-11-26 21:07:32,6.762500000006924
2024-11-26 21:07:37,6.762500000006924
2024-11-26 21:07:42,6.762500000006924
2024-11-26 21:07:47,6.762500000006924
2024-11-26 21:07:52,6.762500000006924
2024-11-26 21:07:57,6.762500000006924
2024-11-26 21:08:02,6.762500000006924
2024-11-26 21:08:07,6.762500000006924
2024-11-26 21:08:12,6.762500000006924
2024-11-26 21:08:17,6.762500000006924
2024-11-26 21:08:22,6.712499999994368
2024-11-26 21:08:27,6.712499999994368
2024-11-26 21:08:32,6.712499999994368
2024-11-26 21:08:37,6.712499999994368
2024-11-26 21:08:42,6.712499999994368
2024-11-26 21:08:47,6.712499999994368
2024-11-26 21:08:52,6.712499999994368
2024-11-26 21:08:57,6.712499999994368
2024-11-26 21:09:02,6.712499999994368
2024-11-26 21:09:07,6.712499999994368
2024-11-26 21:09:12,6.712499999994368
2024-11-26 21:09:17,6.712499999994368
2024-11-26 21:09:22,6.479166666675175
2024-11-26 21:09:27,6.479166666675175
2024-11-26 21:09:32,6.479166666675175
2024-11-26 21:09:37,6.479166666675175
2024-11-26 21:09:42,6.479166666675175
2024-11-26 21:09:47,6.479166666675175
2024-11-26 21:09:52,6.479166666675175
2024-11-26 21:09:57,6.479166666675175
2024-11-26 21:10:02,6.479166666675175
2024-11-26 21:10:07,6.479166666675175
2024-11-26 21:10:12,6.479166666675175
2024-11-26 21:10:17,6.479166666675175
2024-11-26 21:10:22,6.399999999977125
2024-11-26 21:10:27,6.399999999977125
2024-11-26 21:10:32,6.399999999977125
2024-11-26 21:10:37,6.399999999977125
2024-11-26 21:10:42,6.399999999977125
2024-11-26 21:10:47,6.399999999977125
2024-11-26 21:10:52,6.399999999977125
2024-11-26 21:10:57,6.399999999977125
2024-11-26 21:11:02,6.399999999977125
2024-11-26 21:11:07,6.399999999977125
2024-11-26 21:11:12,6.399999999977125
2024-11-26 21:11:17,6.399999999977125
2024-11-26 21:11:22,6.237499999984
2024-11-26 21:11:27,6.237499999984
2024-11-26 21:11:32,6.237499999984
2024-11-26 21:11:37,6.237499999984
2024-11-26 21:11:42,6.237499999984
2024-11-26 21:11:47,6.237499999984
2024-11-26 21:11:52,6.237499999984
2024-11-26 21:11:57,6.237499999984
2024-11-26 21:12:02,6.237499999984
2024-11-26 21:12:07,6.237499999984
2024-11-26 21:12:12,6.237499999984
2024-11-26 21:12:17,6.237499999984
2024-11-26 21:12:22,6.191666666670983
2024-11-26 21:12:27,6.191666666670983
2024-11-26 21:12:32,6.191666666670983
2024-11-26 21:12:37,6.191666666670983
2024-11-26 21:12:42,6.191666666670983
2024-11-26 21:12:47,6.191666666670983
2024-11-26 21:12:52,6.191666666670983
2024-11-26 21:12:57,6.191666666670983
2024-11-26 21:13:02,6.191666666670983
2024-11-26 21:13:07,6.191666666670983
2024-11-26 21:13:12,6.191666666670983
2024-11-26 21:13:17,6.191666666670983
2024-11-26 21:13:22,6.041666666648666
2024-11-26 21:13:27,6.041666666648666
2024-11-26 21:13:32,6.041666666648666
2024-11-26 21:13:37,6.041666666648666
2024-11-26 21:13:42,6.041666666648666
2024-11-26 21:13:47,6.041666666648666
2024-11-26 21:13:52,6.041666666648666
2024-11-26 21:13:57,6.041666666648666
2024-11-26 21:14:02,6.041666666648666
2024-11-26 21:14:07,6.041666666648666
2024-11-26 21:14:12,6.041666666648666
2024-11-26 21:14:17,6.041666666648666
2024-11-26 21:14:22,5.824999999999439
2024-11-26 21:14:27,5.824999999999439
2024-11-26 21:14:32,5.824999999999439
2024-11-26 21:14:37,5.824999999999439
2024-11-26 21:14:42,5.824999999999439
2024-11-26 21:14:47,5.824999999999439
2024-11-26 21:14:52,5.824999999999439
2024-11-26 21:14:57,5.824999999999439
2024-11-26 21:15:02,5.824999999999439
2024-11-26 21:15:07,5.824999999999439
2024-11-26 21:15:12,5.824999999999439
2024-11-26 21:15:17,5.824999999999439
2024-11-26 21:15:22,5.83333333334205
2024-11-26 21:15:27,5.83333333334205
2024-11-26 21:15:32,5.83333333334205
2024-11-26 21:15:37,5.83333333334205
2024-11-26 21:15:42,5.83333333334205
2024-11-26 21:15:47,5.83333333334205
2024-11-26 21:15:52,5.83333333334205
2024-11-26 21:15:57,5.83333333334205
2024-11-26 21:16:02,5.83333333334205
2024-11-26 21:16:07,5.83333333334205
2024-11-26 21:16:12,5.83333333334205
2024-11-26 21:16:17,5.83333333334205
2024-11-26 21:16:22,5.78749999999161
2024-11-26 21:16:27,5.78749999999161
2024-11-26 21:16:32,5.78749999999161
2024-11-26 21:16:37,5.78749999999161
2024-11-26 21:16:42,5.78749999999161
2024-11-26 21:16:47,5.78749999999161
2024-11-26 21:16:52,5.78749999999161
2024-11-26 21:16:57,5.78749999999161
2024-11-26 21:17:02,5.78749999999161
2024-11-26 21:17:07,5.78749999999161
2024-11-26 21:17:12,5.78749999999161
2024-11-26 21:17:17,5.78749999999161
2024-11-26 21:17:22,5.7833333333438
2024-11-26 21:17:27,5.7833333333438
2024-11-26 21:17:32,5.7833333333438
2024-11-26 21:17:37,5.7833333333438
2024-11-26 21:17:42,5.7833333333438
2024-11-26 21:17:47,5.7833333333438
2024-11-26 21:17:52,5.7833333333438
2024-11-26 21:17:57,5.7833333333438
2024-11-26 21:18:02,5.7833333333438
2024-11-26 21:18:07,5.7833333333438
2024-11-26 21:18:12,5.7833333333438
2024-11-26 21:18:17,5.7833333333438
2024-11-26 21:18:22,5.91666666667919
2024-11-26 21:18:27,5.91666666667919
2024-11-26 21:18:32,5.91666666667919
2024-11-26 21:18:37,5.91666666667919
2024-11-26 21:18:42,5.91666666667919
2024-11-26 21:18:47,5.91666666667919
2024-11-26 21:18:52,5.91666666667919
2024-11-26 21:18:57,5.91666666667919
2024-11-26 21:19:02,5.91666666667919
2024-11-26 21:19:07,5.91666666667919
2024-11-26 21:19:12,5.91666666667919
2024-11-26 21:19:17,5.91666666667919
2024-11-26 21:19:22,6.033333333327278
2024-11-26 21:19:27,6.033333333327278
2024-11-26 21:19:32,6.033333333327278
2024-11-26 21:19:37,6.033333333327278
2024-11-26 21:19:42,6.033333333327278
2024-11-26 21:19:47,6.033333333327278
2024-11-26 21:19:52,6.033333333327278
2024-11-26 21:19:57,6.033333333327278
2024-11-26 21:20:02,6.033333333327278
2024-11-26 21:20:07,6.033333333327278
2024-11-26 21:20:12,6.033333333327278
2024-11-26 21:20:17,6.033333333327278
2024-11-26 21:20:22,6.4624999999995225
2024-11-26 21:20:27,6.4624999999995225
2024-11-26 21:20:32,6.4624999999995225
2024-11-26 21:20:37,6.4624999999995225
2024-11-26 21:20:42,6.4624999999995225
2024-11-26 21:20:47,6.4624999999995225
2024-11-26 21:20:52,6.4624999999995225
2024-11-26 21:20:57,6.4624999999995225
2024-11-26 21:21:02,6.4624999999995225
2024-11-26 21:21:07,6.4624999999995225
2024-11-26 21:21:12,6.4624999999995225
2024-11-26 21:21:17,6.4624999999995225
2024-11-26 21:21:22,6.758333333342251
2024-11-26 21:21:27,6.758333333342251
2024-11-26 21:21:32,6.758333333342251
2024-11-26 21:21:37,6.758333333342251
2024-11-26 21:21:42,6.758333333342251
2024-11-26 21:21:47,6.758333333342251
2024-11-26 21:21:52,6.758333333342251
2024-11-26 21:21:57,6.758333333342251
2024-11-26 21:22:02,6.758333333342251
2024-11-26 21:22:07,6.758333333342251
2024-11-26 21:22:12,6.758333333342251
2024-11-26 21:22:17,6.758333333342251
2024-11-26 21:22:22,6.90833333333965
2024-11-26 21:22:27,6.90833333333965
2024-11-26 21:22:32,6.90833333333965
2024-11-26 21:22:37,6.90833333333965
2024-11-26 21:22:42,6.90833333333965
2024-11-26 21:22:47,6.90833333333965
2024-11-26 21:22:52,6.90833333333965
2024-11-26 21:22:57,6.90833333333965
2024-11-26 21:23:02,6.90833333333965
2024-11-26 21:23:07,6.90833333333965
2024-11-26 21:23:12,6.90833333333965
2024-11-26 21:23:17,6.90833333333965
2024-11-26 21:23:22,9.787499999996024
2024-11-26 21:23:27,9.787499999996024
2024-11-26 21:23:32,9.787499999996024
2024-11-26 21:23:37,9.787499999996024
2024-11-26 21:23:42,9.787499999996024
2024-11-26 21:23:47,9.787499999996024
2024-11-26 21:23:52,9.787499999996024
2024-11-26 21:23:57,9.787499999996024
2024-11-26 21:24:02,9.787499999996024
2024-11-26 21:24:07,9.787499999996024
2024-11-26 21:24:12,9.787499999996024
2024-11-26 21:24:17,9.787499999996024
2024-11-26 21:24:22,13.491666666660269
2024-11-26 21:24:27,13.491666666660269
2024-11-26 21:24:32,13.491666666660269
2024-11-26 21:24:37,13.491666666660269
2024-11-26 21:24:42,13.491666666660269
2024-11-26 21:24:47,13.491666666660269
2024-11-26 21:24:52,13.491666666660269
2024-11-26 21:24:57,13.491666666660269
2024-11-26 21:25:02,13.491666666660269
2024-11-26 21:25:07,13.491666666660269
2024-11-26 21:25:12,13.491666666660269
2024-11-26 21:25:17,13.491666666660269
2024-11-26 21:25:22,21.812500000005553
2024-11-26 21:25:27,21.812500000005553
2024-11-26 21:25:32,21.812500000005553
2024-11-26 21:25:37,21.812500000005553
2024-11-26 21:25:42,21.812500000005553
2024-11-26 21:25:47,21.812500000005553
2024-11-26 21:25:52,21.812500000005553
2024-11-26 21:25:57,21.812500000005553
2024-11-26 21:26:02,21.812500000005553
2024-11-26 21:26:07,21.812500000005553
2024-11-26 21:26:12,21.812500000005553
2024-11-26 21:26:17,21.812500000005553
2024-11-26 21:26:22,35.924999999986085
2024-11-26 21:26:27,35.924999999986085
2024-11-26 21:26:32,35.924999999986085
2024-11-26 21:26:37,35.924999999986085
2024-11-26 21:26:42,35.924999999986085
2024-11-26 21:26:47,35.924999999986085
2024-11-26 21:26:52,35.924999999986085
2024-11-26 21:26:57,35.924999999986085
2024-11-26 21:27:02,35.924999999986085
2024-11-26 21:27:07,35.924999999986085
2024-11-26 21:27:12,35.924999999986085
2024-11-26 21:27:17,35.924999999986085
2024-11-26 21:27:22,51.1875000000172
2024-11-26 21:27:27,51.1875000000172
2024-11-26 21:27:32,51.1875000000172
2024-11-26 21:27:37,51.1875000000172
2024-11-26 21:27:42,51.1875000000172
2024-11-26 21:27:47,51.1875000000172
2024-11-26 21:27:52,51.1875000000172
2024-11-26 21:27:57,51.1875000000172
2024-11-26 21:28:02,51.1875000000172
2024-11-26 21:28:07,51.1875000000172
2024-11-26 21:28:12,51.1875000000172
2024-11-26 21:28:17,51.1875000000172
2024-11-26 21:28:22,62.675000000007984
2024-11-26 21:28:27,62.675000000007984
2024-11-26 21:28:32,62.675000000007984
2024-11-26 21:28:37,62.675000000007984
2024-11-26 21:28:42,62.675000000007984
2024-11-26 21:28:47,62.675000000007984
2024-11-26 21:28:52,62.675000000007984
2024-11-26 21:28:57,62.675000000007984
2024-11-26 21:29:02,62.675000000007984
2024-11-26 21:29:07,62.675000000007984
2024-11-26 21:29:12,62.675000000007984
2024-11-26 21:29:17,62.675000000007984
2024-11-26 21:29:22,68.84583333331591
2024-11-26 21:29:27,68.84583333331591
2024-11-26 21:29:32,68.84583333331591
2024-11-26 21:29:37,68.84583333331591
2024-11-26 21:29:42,68.84583333331591
2024-11-26 21:29:47,68.84583333331591
2024-11-26 21:29:52,68.84583333331591
2024-11-26 21:29:57,68.84583333331591
2024-11-26 21:30:02,68.84583333331591
2024-11-26 21:30:07,68.84583333331591
2024-11-26 21:30:12,68.84583333331591
2024-11-26 21:30:17,68.84583333331591
2024-11-26 21:30:22,69.80416666667925
2024-11-26 21:30:27,69.80416666667925
2024-11-26 21:30:32,69.80416666667925
2024-11-26 21:30:37,69.80416666667925
2024-11-26 21:30:42,69.80416666667925
2024-11-26 21:30:47,69.80416666667925
2024-11-26 21:30:52,69.80416666667925
2024-11-26 21:30:57,69.80416666667925
2024-11-26 21:31:02,69.80416666667925
2024-11-26 21:31:07,69.80416666667925
2024-11-26 21:31:12,69.80416666667925
2024-11-26 21:31:17,69.80416666667925
2024-11-26 21:31:22,66.95833333332483
2024-11-26 21:31:27,66.95833333332483
2024-11-26 21:31:32,66.95833333332483
2024-11-26 21:31:37,66.95833333332483
2024-11-26 21:31:42,66.95833333332483
2024-11-26 21:31:47,66.95833333332483
2024-11-26 21:31:52,66.95833333332483
2024-11-26 21:31:57,66.95833333332483
2024-11-26 21:32:02,66.95833333332483
2024-11-26 21:32:07,66.95833333332483
2024-11-26 21:32:12,66.95833333332483
2024-11-26 21:32:17,66.95833333332483
2024-11-26 21:32:22,65.0291666666493
2024-11-26 21:32:27,65.0291666666493
2024-11-26 21:32:32,65.0291666666493
2024-11-26 21:32:37,65.0291666666493
2024-11-26 21:32:42,65.0291666666493
2024-11-26 21:32:47,65.0291666666493
2024-11-26 21:32:52,65.0291666666493
2024-11-26 21:32:57,65.0291666666493
2024-11-26 21:33:02,65.0291666666493
2024-11-26 21:33:07,65.0291666666493
2024-11-26 21:33:12,65.0291666666493
2024-11-26 21:33:17,65.0291666666493
2024-11-26 21:33:22,61.920833333347694
2024-11-26 21:33:27,61.920833333347694
2024-11-26 21:33:32,61.920833333347694
2024-11-26 21:33:37,61.920833333347694
2024-11-26 21:33:42,61.920833333347694
2024-11-26 21:33:47,61.920833333347694
2024-11-26 21:33:52,61.920833333347694
2024-11-26 21:33:57,61.920833333347694
2024-11-26 21:34:02,61.920833333347694
2024-11-26 21:34:07,61.920833333347694
2024-11-26 21:34:12,61.920833333347694
2024-11-26 21:34:17,61.920833333347694
2024-11-26 21:34:22,59.64583333331925
2024-11-26 21:34:27,59.64583333331925
2024-11-26 21:34:32,59.64583333331925
2024-11-26 21:34:37,59.64583333331925
2024-11-26 21:34:42,59.64583333331925
2024-11-26 21:34:47,59.64583333331925
2024-11-26 21:34:52,59.64583333331925
2024-11-26 21:34:57,59.64583333331925
2024-11-26 21:35:02,59.64583333331925
2024-11-26 21:35:07,59.64583333331925
2024-11-26 21:35:12,59.64583333331925
2024-11-26 21:35:17,59.64583333331925
2024-11-26 21:35:22,54.062500000000945
2024-11-26 21:35:27,54.062500000000945
2024-11-26 21:35:32,54.062500000000945
2024-11-26 21:35:37,54.062500000000945
2024-11-26 21:35:42,54.062500000000945
2024-11-26 21:35:47,54.062500000000945
2024-11-26 21:35:52,54.062500000000945
2024-11-26 21:35:57,54.062500000000945
2024-11-26 21:36:02,54.062500000000945
2024-11-26 21:36:07,54.062500000000945
2024-11-26 21:36:12,54.062500000000945
2024-11-26 21:36:17,54.062500000000945
2024-11-26 21:36:22,45.229166666674324
2024-11-26 21:36:27,45.229166666674324
2024-11-26 21:36:32,45.229166666674324
2024-11-26 21:36:37,45.229166666674324
2024-11-26 21:36:42,45.229166666674324
2024-11-26 21:36:47,45.229166666674324
2024-11-26 21:36:52,45.229166666674324
2024-11-26 21:36:57,45.229166666674324
2024-11-26 21:37:02,45.229166666674324
2024-11-26 21:37:07,45.229166666674324
2024-11-26 21:37:12,45.229166666674324
2024-11-26 21:37:17,45.229166666674324
2024-11-26 21:37:22,36.42083333331158
2024-11-26 21:37:27,36.42083333331158
2024-11-26 21:37:32,36.42083333331158
2024-11-26 21:37:37,36.42083333331158
2024-11-26 21:37:42,36.42083333331158
2024-11-26 21:37:47,36.42083333331158
2024-11-26 21:37:52,36.42083333331158
2024-11-26 21:37:57,36.42083333331158
2024-11-26 21:38:02,36.42083333331158
2024-11-26 21:38:07,36.42083333331158
2024-11-26 21:38:12,36.42083333331158
2024-11-26 21:38:17,36.42083333331158
2024-11-26 21:38:22,26.408333333349105
2024-11-26 21:38:27,26.408333333349105
2024-11-26 21:38:32,26.408333333349105
2024-11-26 21:38:37,26.408333333349105
2024-11-26 21:38:42,26.408333333349105
2024-11-26 21:38:47,26.408333333349105
2024-11-26 21:38:52,26.408333333349105
2024-11-26 21:38:57,26.408333333349105
2024-11-26 21:39:02,26.408333333349105
2024-11-26 21:39:07,26.408333333349105
2024-11-26 21:39:12,26.408333333349105
2024-11-26 21:39:17,26.408333333349105
2024-11-26 21:39:22,20.35833333333244
2024-11-26 21:39:27,20.35833333333244
2024-11-26 21:39:32,20.35833333333244
2024-11-26 21:39:37,20.35833333333244
2024-11-26 21:39:42,20.35833333333244
2024-11-26 21:39:47,20.35833333333244
2024-11-26 21:39:52,20.35833333333244
2024-11-26 21:39:57,20.35833333333244
2024-11-26 21:40:02,20.35833333333244
2024-11-26 21:40:07,20.35833333333244
2024-11-26 21:40:12,20.35833333333244
2024-11-26 21:40:17,20.35833333333244
2024-11-26 21:40:22,20.66250000000186
2024-11-26 21:40:27,20.66250000000186
2024-11-26 21:40:32,20.66250000000186
2024-11-26 21:40:37,20.66250000000186
2024-11-26 21:40:42,20.66250000000186
2024-11-26 21:40:47,20.66250000000186
2024-11-26 21:40:52,20.66250000000186
2024-11-26 21:40:57,20.66250000000186
2024-11-26 21:41:02,20.66250000000186
2024-11-26 21:41:07,20.66250000000186
2024-11-26 21:41:12,20.66250000000186
2024-11-26 21:41:17,20.66250000000186
2024-11-26 21:41:22,23.375000000022418
2024-11-26 21:41:27,23.375000000022418
2024-11-26 21:41:32,23.375000000022418
2024-11-26 21:41:37,23.375000000022418
2024-11-26 21:41:42,23.375000000022418
2024-11-26 21:41:47,23.375000000022418
2024-11-26 21:41:52,23.375000000022418
2024-11-26 21:41:57,23.375000000022418
2024-11-26 21:42:02,23.375000000022418
2024-11-26 21:42:07,23.375000000022418
2024-11-26 21:42:12,23.375000000022418
2024-11-26 21:42:17,23.375000000022418
2024-11-26 21:42:22,26.420833333332894
2024-11-26 21:42:27,26.420833333332894
2024-11-26 21:42:32,26.420833333332894
2024-11-26 21:42:37,26.420833333332894
2024-11-26 21:42:42,26.420833333332894
2024-11-26 21:42:47,26.420833333332894
2024-11-26 21:42:52,26.420833333332894
2024-11-26 21:42:57,26.420833333332894
2024-11-26 21:43:02,26.420833333332894
2024-11-26 21:43:07,26.420833333332894
2024-11-26 21:43:12,26.420833333332894
2024-11-26 21:43:17,26.420833333332894
2024-11-26 21:43:22,28.45416666665822
2024-11-26 21:43:27,28.45416666665822
2024-11-26 21:43:32,28.45416666665822
2024-11-26 21:43:37,28.45416666665822
2024-11-26 21:43:42,28.45416666665822
2024-11-26 21:43:47,28.45416666665822
2024-11-26 21:43:52,28.45416666665822
2024-11-26 21:43:57,28.45416666665822
2024-11-26 21:44:02,28.45416666665822
2024-11-26 21:44:07,28.45416666665822
2024-11-26 21:44:12,28.45416666665822
2024-11-26 21:44:17,28.45416666665822
2024-11-26 21:44:22,29.249999999998217
2024-11-26 21:44:27,29.249999999998217
2024-11-26 21:44:32,29.249999999998217
2024-11-26 21:44:37,29.249999999998217
2024-11-26 21:44:42,29.249999999998217
2024-11-26 21:44:47,29.249999999998217
2024-11-26 21:44:52,29.249999999998217
2024-11-26 21:44:57,29.249999999998217
2024-11-26 21:45:02,29.249999999998217
2024-11-26 21:45:07,29.249999999998217
2024-11-26 21:45:12,29.249999999998217
2024-11-26 21:45:17,29.249999999998217
2024-11-26 21:45:22,33.191666666659785
2024-11-26 21:45:27,33.191666666659785
2024-11-26 21:45:32,33.191666666659785
2024-11-26 21:45:37,33.191666666659785
2024-11-26 21:45:42,33.191666666659785
2024-11-26 21:45:47,33.191666666659785
2024-11-26 21:45:52,33.191666666659785
2024-11-26 21:45:57,33.191666666659785
2024-11-26 21:46:02,33.191666666659785
2024-11-26 21:46:07,33.191666666659785
2024-11-26 21:46:12,33.191666666659785
2024-11-26 21:46:17,33.191666666659785
2024-11-26 21:46:22,42.779166666659115
2024-11-26 21:46:27,42.779166666659115
2024-11-26 21:46:32,42.779166666659115
2024-11-26 21:46:37,42.779166666659115
2024-11-26 21:46:42,42.779166666659115
2024-11-26 21:46:47,42.779166666659115
2024-11-26 21:46:52,42.779166666659115
2024-11-26 21:46:57,42.779166666659115
2024-11-26 21:47:02,42.779166666659115
2024-11-26 21:47:07,42.779166666659115
2024-11-26 21:47:12,42.779166666659115
2024-11-26 21:47:17,42.779166666659115
2024-11-26 21:47:22,56.17083333334089
2024-11-26 21:47:27,56.17083333334089
2024-11-26 21:47:32,56.17083333334089
2024-11-26 21:47:37,56.17083333334089
2024-11-26 21:47:42,56.17083333334089
2024-11-26 21:47:47,56.17083333334089
2024-11-26 21:47:52,56.17083333334089
2024-11-26 21:47:57,56.17083333334089
2024-11-26 21:48:02,56.17083333334089
2024-11-26 21:48:07,56.17083333334089
2024-11-26 21:48:12,56.17083333334089
2024-11-26 21:48:17,56.17083333334089
2024-11-26 21:48:22,66.44166666666051
2024-11-26 21:48:27,66.44166666666051
2024-11-26 21:48:32,66.44166666666051
2024-11-26 21:48:37,66.44166666666051
2024-11-26 21:48:42,66.44166666666051
2024-11-26 21:48:47,66.44166666666051
2024-11-26 21:48:52,66.44166666666051
2024-11-26 21:48:57,66.44166666666051
2024-11-26 21:49:02,66.44166666666051
2024-11-26 21:49:07,66.44166666666051
2024-11-26 21:49:12,66.44166666666051
2024-11-26 21:49:17,66.44166666666051
2024-11-26 21:49:22,72.74166666665792
2024-11-26 21:49:27,72.74166666665792
2024-11-26 21:49:32,72.74166666665792
2024-11-26 21:49:37,72.74166666665792
2024-11-26 21:49:42,72.74166666665792
2024-11-26 21:49:47,72.74166666665792
2024-11-26 21:49:52,72.74166666665792
2024-11-26 21:49:57,72.74166666665792
2024-11-26 21:50:02,72.74166666665792
2024-11-26 21:50:07,72.74166666665792
2024-11-26 21:50:12,72.74166666665792
2024-11-26 21:50:17,72.74166666665792
2024-11-26 21:50:22,72.90416666666914
2024-11-26 21:50:27,72.90416666666914
2024-11-26 21:50:32,72.90416666666914
2024-11-26 21:50:37,72.90416666666914
2024-11-26 21:50:42,72.90416666666914
2024-11-26 21:50:47,72.90416666666914
2024-11-26 21:50:52,72.90416666666914
2024-11-26 21:50:57,72.90416666666914
2024-11-26 21:51:02,72.90416666666914
2024-11-26 21:51:07,72.90416666666914
2024-11-26 21:51:12,72.90416666666914
2024-11-26 21:51:17,72.90416666666914
2024-11-26 21:51:22,68.3208333333198
2024-11-26 21:51:27,68.3208333333198
2024-11-26 21:51:32,68.3208333333198
2024-11-26 21:51:37,68.3208333333198
2024-11-26 21:51:42,68.3208333333198
2024-11-26 21:51:47,68.3208333333198
2024-11-26 21:51:52,68.3208333333198
2024-11-26 21:51:57,68.3208333333198
2024-11-26 21:52:02,68.3208333333198
2024-11-26 21:52:07,68.3208333333198
2024-11-26 21:52:12,68.3208333333198
2024-11-26 21:52:17,68.3208333333198
2024-11-26 21:52:22,67.89583333333714
2024-11-26 21:52:27,67.89583333333714
2024-11-26 21:52:32,67.89583333333714
2024-11-26 21:52:37,67.89583333333714
2024-11-26 21:52:42,67.89583333333714
2024-11-26 21:52:47,67.89583333333714
2024-11-26 21:52:52,67.89583333333714
2024-11-26 21:52:57,67.89583333333714
2024-11-26 21:53:02,67.89583333333714
2024-11-26 21:53:07,67.89583333333714
2024-11-26 21:53:12,67.89583333333714
2024-11-26 21:53:17,67.89583333333714
2024-11-26 21:53:22,66.85833333334794
2024-11-26 21:53:27,66.85833333334794
2024-11-26 21:53:32,66.85833333334794
2024-11-26 21:53:37,66.85833333334794
2024-11-26 21:53:42,66.85833333334794
2024-11-26 21:53:47,66.85833333334794
2024-11-26 21:53:52,66.85833333334794
2024-11-26 21:53:57,66.85833333334794
2024-11-26 21:54:02,66.85833333334794
2024-11-26 21:54:07,66.85833333334794
2024-11-26 21:54:12,66.85833333334794
2024-11-26 21:54:17,66.85833333334794
2024-11-26 21:54:22,64.52916666665762
2024-11-26 21:54:27,64.52916666665762
2024-11-26 21:54:32,64.52916666665762
2024-11-26 21:54:37,64.52916666665762
2024-11-26 21:54:42,64.52916666665762
2024-11-26 21:54:47,64.52916666665762
2024-11-26 21:54:52,64.52916666665762
2024-11-26 21:54:57,64.52916666665762
2024-11-26 21:55:02,64.52916666665762
2024-11-26 21:55:07,64.52916666665762
2024-11-26 21:55:12,64.52916666665762
2024-11-26 21:55:17,64.52916666665762
2024-11-26 21:55:22,58.879166666678294
2024-11-26 21:55:27,58.879166666678294
2024-11-26 21:55:32,58.879166666678294
2024-11-26 21:55:37,58.879166666678294
2024-11-26 21:55:42,58.879166666678294
2024-11-26 21:55:47,58.879166666678294
2024-11-26 21:55:52,58.879166666678294
2024-11-26 21:55:57,58.879166666678294
2024-11-26 21:56:02,58.879166666678294
2024-11-26 21:56:07,58.879166666678294
2024-11-26 21:56:12,58.879166666678294
2024-11-26 21:56:17,58.879166666678294
2024-11-26 21:56:22,47.916666666670835
2024-11-26 21:56:27,47.916666666670835
2024-11-26 21:56:32,47.916666666670835
2024-11-26 21:56:37,47.916666666670835
2024-11-26 21:56:42,47.916666666670835
2024-11-26 21:56:47,47.916666666670835
2024-11-26 21:56:52,47.916666666670835
2024-11-26 21:56:57,47.916666666670835
2024-11-26 21:57:02,47.916666666670835
2024-11-26 21:57:07,47.916666666670835
2024-11-26 21:57:12,47.916666666670835
2024-11-26 21:57:17,47.916666666670835
2024-11-26 21:57:22,36.49999999998765
2024-11-26 21:57:27,36.49999999998765
2024-11-26 21:57:32,36.49999999998765
2024-11-26 21:57:37,36.49999999998765
2024-11-26 21:57:42,36.49999999998765
2024-11-26 21:57:47,36.49999999998765
2024-11-26 21:57:52,36.49999999998765
2024-11-26 21:57:57,36.49999999998765
2024-11-26 21:58:02,36.49999999998765
2024-11-26 21:58:07,36.49999999998765
2024-11-26 21:58:12,36.49999999998765
2024-11-26 21:58:17,36.49999999998765
2024-11-26 21:58:22,25.875000000000437
2024-11-26 21:58:27,25.875000000000437
2024-11-26 21:58:32,25.875000000000437
2024-11-26 21:58:37,25.875000000000437
2024-11-26 21:58:42,25.875000000000437
2024-11-26 21:58:47,25.875000000000437
2024-11-26 21:58:52,25.875000000000437
2024-11-26 21:58:57,25.875000000000437
2024-11-26 21:59:02,25.875000000000437
2024-11-26 21:59:07,25.875000000000437
2024-11-26 21:59:12,25.875000000000437
2024-11-26 21:59:17,25.875000000000437
2024-11-26 21:59:22,20.199999999990062
2024-11-26 21:59:27,20.199999999990062
2024-11-26 21:59:32,20.199999999990062
2024-11-26 21:59:37,20.199999999990062
2024-11-26 21:59:42,20.199999999990062
2024-11-26 21:59:47,20.199999999990062
2024-11-26 21:59:52,20.199999999990062
2024-11-26 21:59:57,20.199999999990062
2024-11-26 22:00:02,20.199999999990062
2024-11-26 22:00:07,20.199999999990062
2024-11-26 22:00:12,20.199999999990062
2024-11-26 22:00:17,20.199999999990062
2024-11-26 22:00:22,19.10416666666132
2024-11-26 22:00:27,19.10416666666132
2024-11-26 22:00:32,19.10416666666132
2024-11-26 22:00:37,19.10416666666132
2024-11-26 22:00:42,19.10416666666132
2024-11-26 22:00:47,19.10416666666132
2024-11-26 22:00:52,19.10416666666132
2024-11-26 22:00:57,19.10416666666132
2024-11-26 22:01:02,19.10416666666132
2024-11-26 22:01:07,19.10416666666132
2024-11-26 22:01:12,19.10416666666132
2024-11-26 22:01:17,19.10416666666132
2024-11-26 22:01:22,20.90416666667172
2024-11-26 22:01:27,20.90416666667172
2024-11-26 22:01:32,20.90416666667172
2024-11-26 22:01:37,20.90416666667172
2024-11-26 22:01:42,20.90416666667172
2024-11-26 22:01:47,20.90416666667172
2024-11-26 22:01:52,20.90416666667172
2024-11-26 22:01:57,20.90416666667172
2024-11-26 22:02:02,20.90416666667172
2024-11-26 22:02:07,20.90416666667172
2024-11-26 22:02:12,20.90416666667172
2024-11-26 22:02:17,20.90416666667172
2024-11-26 22:02:22,23.183333333348816
2024-11-26 22:02:27,23.183333333348816
2024-11-26 22:02:32,23.183333333348816
2024-11-26 22:02:37,23.183333333348816
2024-11-26 22:02:42,23.183333333348816
2024-11-26 22:02:47,23.183333333348816
2024-11-26 22:02:52,23.183333333348816
2024-11-26 22:02:57,23.183333333348816
2024-11-26 22:03:02,23.183333333348816
2024-11-26 22:03:07,23.183333333348816
2024-11-26 22:03:12,23.183333333348816
2024-11-26 22:03:17,23.183333333348816
2024-11-26 22:03:22,24.7041666666676
2024-11-26 22:03:27,24.7041666666676
2024-11-26 22:03:32,24.7041666666676
2024-11-26 22:03:37,24.7041666666676
2024-11-26 22:03:42,24.7041666666676
2024-11-26 22:03:47,24.7041666666676
2024-11-26 22:03:52,24.7041666666676
2024-11-26 22:03:57,24.7041666666676
2024-11-26 22:04:02,24.7041666666676
2024-11-26 22:04:07,24.7041666666676
2024-11-26 22:04:12,24.7041666666676
2024-11-26 22:04:17,24.7041666666676
2024-11-26 22:04:22,25.879166666672216
2024-11-26 22:04:27,25.879166666672216
2024-11-26 22:04:32,25.879166666672216
2024-11-26 22:04:37,25.879166666672216
2024-11-26 22:04:42,25.879166666672216
2024-11-26 22:04:47,25.879166666672216
2024-11-26 22:04:52,25.879166666672216
2024-11-26 22:04:57,25.879166666672216
2024-11-26 22:05:02,25.879166666672216
2024-11-26 22:05:07,25.879166666672216
2024-11-26 22:05:12,25.879166666672216
2024-11-26 22:05:17,25.879166666672216
2024-11-26 22:05:22,24.987499999991485
2024-11-26 22:05:27,24.987499999991485
2024-11-26 22:05:32,24.987499999991485
2024-11-26 22:05:37,24.987499999991485
2024-11-26 22:05:42,24.987499999991485
2024-11-26 22:05:47,24.987499999991485
2024-11-26 22:05:52,24.987499999991485
2024-11-26 22:05:57,24.987499999991485
2024-11-26 22:06:02,24.987499999991485
2024-11-26 22:06:07,24.987499999991485
2024-11-26 22:06:12,24.987499999991485
2024-11-26 22:06:17,24.987499999991485
2024-11-26 22:06:22,23.604166666666515
2024-11-26 22:06:27,23.604166666666515
2024-11-26 22:06:32,23.604166666666515
2024-11-26 22:06:37,23.604166666666515
2024-11-26 22:06:42,23.604166666666515
2024-11-26 22:06:47,23.604166666666515
2024-11-26 22:06:52,23.604166666666515
2024-11-26 22:06:57,23.604166666666515
2024-11-26 22:07:02,23.604166666666515
2024-11-26 22:07:07,23.604166666666515
2024-11-26 22:07:12,23.604166666666515
2024-11-26 22:07:17,23.604166666666515
2024-11-26 22:07:22,22.4791666666664
2024-11-26 22:07:27,22.4791666666664
2024-11-26 22:07:32,22.4791666666664
2024-11-26 22:07:37,22.4791666666664
2024-11-26 22:07:42,22.4791666666664
2024-11-26 22:07:47,22.4791666666664
2024-11-26 22:07:52,22.4791666666664
2024-11-26 22:07:57,22.4791666666664
2024-11-26 22:08:02,22.4791666666664
2024-11-26 22:08:07,22.4791666666664
2024-11-26 22:08:12,22.4791666666664
2024-11-26 22:08:17,22.4791666666664
2024-11-26 22:08:22,21.579166666676407
2024-11-26 22:08:27,21.579166666676407
2024-11-26 22:08:32,21.579166666676407
2024-11-26 22:08:37,21.579166666676407
2024-11-26 22:08:42,21.579166666676407
2024-11-26 22:08:47,21.579166666676407
2024-11-26 22:08:52,21.579166666676407
2024-11-26 22:08:57,21.579166666676407
2024-11-26 22:09:02,21.579166666676407
2024-11-26 22:09:07,21.579166666676407
2024-11-26 22:09:12,21.579166666676407
2024-11-26 22:09:17,21.579166666676407
2024-11-26 22:09:22,21.64583333333913
2024-11-26 22:09:27,21.64583333333913
2024-11-26 22:09:32,21.64583333333913
2024-11-26 22:09:37,21.64583333333913
2024-11-26 22:09:42,21.64583333333913
2024-11-26 22:09:47,21.64583333333913
2024-11-26 22:09:52,21.64583333333913
2024-11-26 22:09:57,21.64583333333913
2024-11-26 22:10:02,21.64583333333913
2024-11-26 22:10:07,21.64583333333913
2024-11-26 22:10:12,21.64583333333913
2024-11-26 22:10:17,21.64583333333913
2024-11-26 22:10:22,22.237499999982333
2024-11-26 22:10:27,22.237499999982333
2024-11-26 22:10:32,22.237499999982333
2024-11-26 22:10:37,22.237499999982333
2024-11-26 22:10:42,22.237499999982333
2024-11-26 22:10:47,22.237499999982333
2024-11-26 22:10:52,22.237499999982333
2024-11-26 22:10:57,22.237499999982333
2024-11-26 22:11:02,22.237499999982333
2024-11-26 22:11:07,22.237499999982333
2024-11-26 22:11:12,22.237499999982333
2024-11-26 22:11:17,22.237499999982333
2024-11-26 22:11:22,22.904166666661848
2024-11-26 22:11:27,22.904166666661848
2024-11-26 22:11:32,22.904166666661848
2024-11-26 22:11:37,22.904166666661848
2024-11-26 22:11:42,22.904166666661848
2024-11-26 22:11:47,22.904166666661848
2024-11-26 22:11:52,22.904166666661848
2024-11-26 22:11:57,22.904166666661848
2024-11-26 22:12:02,22.904166666661848
2024-11-26 22:12:07,22.904166666661848
2024-11-26 22:12:12,22.904166666661848
2024-11-26 22:12:17,22.904166666661848
2024-11-26 22:12:22,23.6874999999813
2024-11-26 22:12:27,23.6874999999813
2024-11-26 22:12:32,23.6874999999813
2024-11-26 22:12:37,23.6874999999813
2024-11-26 22:12:42,23.6874999999813
2024-11-26 22:12:47,23.6874999999813
2024-11-26 22:12:52,23.6874999999813
2024-11-26 22:12:57,23.6874999999813
2024-11-26 22:13:02,23.6874999999813
2024-11-26 22:13:07,23.6874999999813
2024-11-26 22:13:12,23.6874999999813
2024-11-26 22:13:17,23.6874999999813
2024-11-26 22:13:22,23.495833333337735
2024-11-26 22:13:27,23.495833333337735
2024-11-26 22:13:32,23.495833333337735
2024-11-26 22:13:37,23.495833333337735
2024-11-26 22:13:42,23.495833333337735
2024-11-26 22:13:47,23.495833333337735
2024-11-26 22:13:52,23.495833333337735
2024-11-26 22:13:57,23.495833333337735
2024-11-26 22:14:02,23.495833333337735
2024-11-26 22:14:07,23.495833333337735
2024-11-26 22:14:12,23.495833333337735
2024-11-26 22:14:17,23.495833333337735
2024-11-26 22:14:22,23.46249999999846
2024-11-26 22:14:27,23.46249999999846
2024-11-26 22:14:32,23.46249999999846
2024-11-26 22:14:37,23.46249999999846
2024-11-26 22:14:42,23.46249999999846
2024-11-26 22:14:47,23.46249999999846
2024-11-26 22:14:52,23.46249999999846
2024-11-26 22:14:57,23.46249999999846
2024-11-26 22:15:02,23.46249999999846
2024-11-26 22:15:07,23.46249999999846
2024-11-26 22:15:12,23.46249999999846
2024-11-26 22:15:17,23.46249999999846
2024-11-26 22:15:22,23.225000000002467
2024-11-26 22:15:27,23.225000000002467
2024-11-26 22:15:32,23.225000000002467
2024-11-26 22:15:37,23.225000000002467
2024-11-26 22:15:42,23.225000000002467
2024-11-26 22:15:47,23.225000000002467
2024-11-26 22:15:52,23.225000000002467
2024-11-26 22:15:57,23.225000000002467
2024-11-26 22:16:02,23.225000000002467
2024-11-26 22:16:07,23.225000000002467
2024-11-26 22:16:12,23.225000000002467
2024-11-26 22:16:17,23.225000000002467
2024-11-26 22:16:22,22.145833333337066
2024-11-26 22:16:27,22.145833333337066
2024-11-26 22:16:32,22.145833333337066
2024-11-26 22:16:37,22.145833333337066
2024-11-26 22:16:42,22.145833333337066
2024-11-26 22:16:47,22.145833333337066
2024-11-26 22:16:52,22.145833333337066
2024-11-26 22:16:57,22.145833333337066
2024-11-26 22:17:02,22.145833333337066
2024-11-26 22:17:07,22.145833333337066
2024-11-26 22:17:12,22.145833333337066
2024-11-26 22:17:17,22.145833333337066
2024-11-26 22:17:22,21.687500000002633
2024-11-26 22:17:27,21.687500000002633
2024-11-26 22:17:32,21.687500000002633
2024-11-26 22:17:37,21.687500000002633
2024-11-26 22:17:42,21.687500000002633
2024-11-26 22:17:47,21.687500000002633
2024-11-26 22:17:52,21.687500000002633
2024-11-26 22:17:57,21.687500000002633
2024-11-26 22:18:02,21.687500000002633
2024-11-26 22:18:07,21.687500000002633
2024-11-26 22:18:12,21.687500000002633
2024-11-26 22:18:17,21.687500000002633
2024-11-26 22:18:22,21.445833333332963
2024-11-26 22:18:27,21.445833333332963
2024-11-26 22:18:32,21.445833333332963
2024-11-26 22:18:37,21.445833333332963
2024-11-26 22:18:42,21.445833333332963
2024-11-26 22:18:47,21.445833333332963
2024-11-26 22:18:52,21.445833333332963
2024-11-26 22:18:57,21.445833333332963
2024-11-26 22:19:02,21.445833333332963
2024-11-26 22:19:07,21.445833333332963
2024-11-26 22:19:12,21.445833333332963
2024-11-26 22:19:17,21.445833333332963
2024-11-26 22:19:22,21.287500000003757
2024-11-26 22:19:27,21.287500000003757
2024-11-26 22:19:32,21.287500000003757
2024-11-26 22:19:37,21.287500000003757
2024-11-26 22:19:42,21.287500000003757
2024-11-26 22:19:47,21.287500000003757
2024-11-26 22:19:52,21.287500000003757
2024-11-26 22:19:57,21.287500000003757
2024-11-26 22:20:02,21.287500000003757
2024-11-26 22:20:07,21.287500000003757
2024-11-26 22:20:12,21.287500000003757
2024-11-26 22:20:17,21.287500000003757
2024-11-26 22:20:22,21.766666666674062
2024-11-26 22:20:27,21.766666666674062
2024-11-26 22:20:32,21.766666666674062
2024-11-26 22:20:37,21.766666666674062
2024-11-26 22:20:42,21.766666666674062
2024-11-26 22:20:47,21.766666666674062
2024-11-26 22:20:52,21.766666666674062
2024-11-26 22:20:57,21.766666666674062
2024-11-26 22:21:02,21.766666666674062
2024-11-26 22:21:07,21.766666666674062
2024-11-26 22:21:12,21.766666666674062
2024-11-26 22:21:17,21.766666666674062
2024-11-26 22:21:22,21.662499999993752
2024-11-26 22:21:27,21.662499999993752
2024-11-26 22:21:32,21.662499999993752
2024-11-26 22:21:37,21.662499999993752
2024-11-26 22:21:42,21.662499999993752
2024-11-26 22:21:47,21.662499999993752
2024-11-26 22:21:52,21.662499999993752
2024-11-26 22:21:57,21.662499999993752
2024-11-26 22:22:02,21.662499999993752
2024-11-26 22:22:07,21.662499999993752
2024-11-26 22:22:12,21.662499999993752
2024-11-26 22:22:17,21.662499999993752
2024-11-26 22:22:22,20.966666666688997
2024-11-26 22:22:27,20.966666666688997
2024-11-26 22:22:32,20.966666666688997
2024-11-26 22:22:37,20.966666666688997
2024-11-26 22:22:42,20.966666666688997
2024-11-26 22:22:47,20.966666666688997
2024-11-26 22:22:52,20.966666666688997
2024-11-26 22:22:57,20.966666666688997
2024-11-26 22:23:02,20.966666666688997
2024-11-26 22:23:07,20.966666666688997
2024-11-26 22:23:12,20.966666666688997
2024-11-26 22:23:17,20.966666666688997
2024-11-26 22:23:22,17.099999999993354
2024-11-26 22:23:27,17.099999999993354
2024-11-26 22:23:32,17.099999999993354
2024-11-26 22:23:37,17.099999999993354
2024-11-26 22:23:42,17.099999999993354
2024-11-26 22:23:47,17.099999999993354
2024-11-26 22:23:52,17.099999999993354
2024-11-26 22:23:57,17.099999999993354
2024-11-26 22:24:02,17.099999999993354
2024-11-26 22:24:07,17.099999999993354
2024-11-26 22:24:12,17.099999999993354
2024-11-26 22:24:17,17.099999999993354
2024-11-26 22:24:22,12.804166666677
2024-11-26 22:24:27,12.804166666677
2024-11-26 22:24:32,12.804166666677
2024-11-26 22:24:37,12.804166666677
2024-11-26 22:24:42,12.804166666677
2024-11-26 22:24:47,12.804166666677
2024-11-26 22:24:52,12.804166666677
2024-11-26 22:24:57,12.804166666677
2024-11-26 22:25:02,12.804166666677
2024-11-26 22:25:07,12.804166666677
2024-11-26 22:25:12,12.804166666677
2024-11-26 22:25:17,12.804166666677
2024-11-26 22:25:22,9.26249999999925
2024-11-26 22:25:27,9.26249999999925
2024-11-26 22:25:32,9.26249999999925
2024-11-26 22:25:37,9.26249999999925
2024-11-26 22:25:42,9.26249999999925
2024-11-26 22:25:47,9.26249999999925
2024-11-26 22:25:52,9.26249999999925
2024-11-26 22:25:57,9.26249999999925
2024-11-26 22:26:02,9.26249999999925
2024-11-26 22:26:07,9.26249999999925
2024-11-26 22:26:12,9.26249999999925
2024-11-26 22:26:17,9.26249999999925
2024-11-26 22:26:22,6.004166666654764
2024-11-26 22:26:27,6.004166666654764
2024-11-26 22:26:32,6.004166666654764
2024-11-26 22:26:37,6.004166666654764
2024-11-26 22:26:42,6.004166666654764
2024-11-26 22:26:47,6.004166666654764
2024-11-26 22:26:52,6.004166666654764
2024-11-26 22:26:57,6.004166666654764
2024-11-26 22:27:02,6.004166666654764
2024-11-26 22:27:07,6.004166666654764
2024-11-26 22:27:12,6.004166666654764
2024-11-26 22:27:17,6.004166666654764
2024-11-26 22:27:22,6.195833333344466
2024-11-26 22:27:27,6.195833333344466
2024-11-26 22:27:32,6.195833333344466
2024-11-26 22:27:37,6.195833333344466
2024-11-26 22:27:42,6.195833333344466
2024-11-26 22:27:47,6.195833333344466
2024-11-26 22:27:52,6.195833333344466
2024-11-26 22:27:57,6.195833333344466
2024-11-26 22:28:02,6.195833333344466
2024-11-26 22:28:07,6.195833333344466
2024-11-26 22:28:12,6.195833333344466
2024-11-26 22:28:17,6.195833333344466
2024-11-26 22:28:22,6.41249999999919
2024-11-26 22:28:27,6.41249999999919
2024-11-26 22:28:32,6.41249999999919
2024-11-26 22:28:37,6.41249999999919
2024-11-26 22:28:42,6.41249999999919
2024-11-26 22:28:47,6.41249999999919
2024-11-26 22:28:52,6.41249999999919
2024-11-26 22:28:57,6.41249999999919
2024-11-26 22:29:02,6.41249999999919
2024-11-26 22:29:07,6.41249999999919
2024-11-26 22:29:12,6.41249999999919
2024-11-26 22:29:17,6.41249999999919
2024-11-26 22:29:22,6.724999999993789
2024-11-26 22:29:27,6.724999999993789
2024-11-26 22:29:32,6.724999999993789
2024-11-26 22:29:37,6.724999999993789
2024-11-26 22:29:42,6.724999999993789
2024-11-26 22:29:47,6.724999999993789
2024-11-26 22:29:52,6.724999999993789
2024-11-26 22:29:57,6.724999999993789
2024-11-26 22:30:02,6.724999999993789
2024-11-26 22:30:07,6.724999999993789
2024-11-26 22:30:12,6.724999999993789
2024-11-26 22:30:17,6.724999999993789
2024-11-26 22:30:22,7.1250000000061195
2024-11-26 22:30:27,7.1250000000061195
2024-11-26 22:30:32,7.1250000000061195
2024-11-26 22:30:37,7.1250000000061195
2024-11-26 22:30:42,7.1250000000061195
2024-11-26 22:30:47,7.1250000000061195
2024-11-26 22:30:52,7.1250000000061195
2024-11-26 22:30:57,7.1250000000061195
2024-11-26 22:31:02,7.1250000000061195
2024-11-26 22:31:07,7.1250000000061195
2024-11-26 22:31:12,7.1250000000061195
2024-11-26 22:31:17,7.1250000000061195
2024-11-26 22:31:22,7.1041666666577425
2024-11-26 22:31:27,7.1041666666577425
2024-11-26 22:31:32,7.1041666666577425
2024-11-26 22:31:37,7.1041666666577425
2024-11-26 22:31:42,7.1041666666577425
2024-11-26 22:31:47,7.1041666666577425
2024-11-26 22:31:52,7.1041666666577425
2024-11-26 22:31:57,7.1041666666577425
2024-11-26 22:32:02,7.1041666666577425
2024-11-26 22:32:07,7.1041666666577425
2024-11-26 22:32:12,7.1041666666577425
2024-11-26 22:32:17,7.1041666666577425
2024-11-26 22:32:22,7.008333333315496
2024-11-26 22:32:27,7.008333333315496
2024-11-26 22:32:32,7.008333333315496
2024-11-26 22:32:37,7.008333333315496
2024-11-26 22:32:42,7.008333333315496
2024-11-26 22:32:47,7.008333333315496
2024-11-26 22:32:52,7.008333333315496
2024-11-26 22:32:57,7.008333333315496
2024-11-26 22:33:02,7.008333333315496
2024-11-26 22:33:07,7.008333333315496
2024-11-26 22:33:12,7.008333333315496
2024-11-26 22:33:17,7.008333333315496
2024-11-26 22:33:22,6.745833333329567
2024-11-26 22:33:27,6.745833333329567
2024-11-26 22:33:32,6.745833333329567
2024-11-26 22:33:37,6.745833333329567
2024-11-26 22:33:42,6.745833333329567
2024-11-26 22:33:47,6.745833333329567
2024-11-26 22:33:52,6.745833333329567
2024-11-26 22:33:57,6.745833333329567
2024-11-26 22:34:02,6.745833333329567
2024-11-26 22:34:07,6.745833333329567
2024-11-26 22:34:12,6.745833333329567
2024-11-26 22:34:17,6.745833333329567
2024-11-26 22:34:22,6.5874999999885135
2024-11-26 22:34:27,6.5874999999885135
2024-11-26 22:34:32,6.5874999999885135
2024-11-26 22:34:37,6.5874999999885135
2024-11-26 22:34:42,6.5874999999885135
2024-11-26 22:34:47,6.5874999999885135
2024-11-26 22:34:52,6.5874999999885135
2024-11-26 22:34:57,6.5874999999885135
2024-11-26 22:35:02,6.5874999999885135
2024-11-26 22:35:07,6.5874999999885135
2024-11-26 22:35:12,6.5874999999885135
2024-11-26 22:35:17,6.5874999999885135
2024-11-26 22:35:22,6.416666666684232
2024-11-26 22:35:27,6.416666666684232
2024-11-26 22:35:32,6.416666666684232
2024-11-26 22:35:37,6.416666666684232
2024-11-26 22:35:42,6.416666666684232
2024-11-26 22:35:47,6.416666666684232
2024-11-26 22:35:52,6.416666666684232
2024-11-26 22:35:57,6.416666666684232
2024-11-26 22:36:02,6.416666666684232
2024-11-26 22:36:07,6.416666666684232
2024-11-26 22:36:12,6.416666666684232
2024-11-26 22:36:17,6.416666666684232
2024-11-26 22:36:22,6.31666666668186
2024-11-26 22:36:27,6.31666666668186
2024-11-26 22:36:32,6.31666666668186
2024-11-26 22:36:37,6.31666666668186
2024-11-26 22:36:42,6.31666666668186
2024-11-26 22:36:47,6.31666666668186
2024-11-26 22:36:52,6.31666666668186
2024-11-26 22:36:57,6.31666666668186
2024-11-26 22:37:02,6.31666666668186
2024-11-26 22:37:07,6.31666666668186
2024-11-26 22:37:12,6.31666666668186
2024-11-26 22:37:17,6.31666666668186
2024-11-26 22:37:22,6.404166666673064
2024-11-26 22:37:27,6.404166666673064
2024-11-26 22:37:32,6.404166666673064
2024-11-26 22:37:37,6.404166666673064
2024-11-26 22:37:42,6.404166666673064
2024-11-26 22:37:47,6.404166666673064
2024-11-26 22:37:52,6.404166666673064
2024-11-26 22:37:57,6.404166666673064
2024-11-26 22:38:02,6.404166666673064
2024-11-26 22:38:07,6.404166666673064
2024-11-26 22:38:12,6.404166666673064
2024-11-26 22:38:17,6.404166666673064
2024-11-26 22:38:22,6.241666666667716
2024-11-26 22:38:27,6.241666666667716
2024-11-26 22:38:32,6.241666666667716
2024-11-26 22:38:37,6.241666666667716
2024-11-26 22:38:42,6.241666666667716
2024-11-26 22:38:47,6.241666666667716
2024-11-26 22:38:52,6.241666666667716
2024-11-26 22:38:57,6.241666666667716
2024-11-26 22:39:02,6.241666666667716
2024-11-26 22:39:07,6.241666666667716
2024-11-26 22:39:12,6.241666666667716
2024-11-26 22:39:17,6.241666666667716
2024-11-26 22:39:22,6.158333333327354
2024-11-26 22:39:27,6.158333333327354
2024-11-26 22:39:32,6.158333333327354
2024-11-26 22:39:37,6.158333333327354
2024-11-26 22:39:42,6.158333333327354
2024-11-26 22:39:47,6.158333333327354
2024-11-26 22:39:52,6.158333333327354
2024-11-26 22:39:57,6.158333333327354
2024-11-26 22:40:02,6.158333333327354
2024-11-26 22:40:07,6.158333333327354
2024-11-26 22:40:12,6.158333333327354
2024-11-26 22:40:17,6.158333333327354
2024-11-26 22:40:22,6.42916666667124
2024-11-26 22:40:27,6.42916666667124
2024-11-26 22:40:32,6.42916666667124
2024-11-26 22:40:37,6.42916666667124
2024-11-26 22:40:42,6.42916666667124
2024-11-26 22:40:47,6.42916666667124
2024-11-26 22:40:52,6.42916666667124
2024-11-26 22:40:57,6.42916666667124
2024-11-26 22:41:02,6.42916666667124
2024-11-26 22:41:07,6.42916666667124
2024-11-26 22:41:12,6.42916666667124
2024-11-26 22:41:17,6.42916666667124
2024-11-26 22:41:22,7.262500000003437
2024-11-26 22:41:27,7.262500000003437
2024-11-26 22:41:32,7.262500000003437
2024-11-26 22:41:37,7.262500000003437
2024-11-26 22:41:42,7.262500000003437
2024-11-26 22:41:47,7.262500000003437
2024-11-26 22:41:52,7.262500000003437
2024-11-26 22:41:57,7.262500000003437
2024-11-26 22:42:02,7.262500000003437
2024-11-26 22:42:07,7.262500000003437
2024-11-26 22:42:12,7.262500000003437
2024-11-26 22:42:17,7.262500000003437
2024-11-26 22:42:22,8.579166666683307
2024-11-26 22:42:27,8.579166666683307
2024-11-26 22:42:32,8.579166666683307
2024-11-26 22:42:37,8.579166666683307
2024-11-26 22:42:42,8.579166666683307
2024-11-26 22:42:47,8.579166666683307
2024-11-26 22:42:52,8.579166666683307
2024-11-26 22:42:57,8.579166666683307
2024-11-26 22:43:02,8.579166666683307
2024-11-26 22:43:07,8.579166666683307
2024-11-26 22:43:12,8.579166666683307
2024-11-26 22:43:17,8.579166666683307
2024-11-26 22:43:22,9.162500000000572
2024-11-26 22:43:27,9.162500000000572
2024-11-26 22:43:32,9.162500000000572
2024-11-26 22:43:37,9.162500000000572
2024-11-26 22:43:42,9.162500000000572
2024-11-26 22:43:47,9.162500000000572
2024-11-26 22:43:52,9.162500000000572
2024-11-26 22:43:57,9.162500000000572
2024-11-26 22:44:02,9.162500000000572
2024-11-26 22:44:07,9.162500000000572
2024-11-26 22:44:12,9.162500000000572
2024-11-26 22:44:17,9.162500000000572
2024-11-26 22:44:22,10.97083333332724
2024-11-26 22:44:27,10.97083333332724
2024-11-26 22:44:32,10.97083333332724
2024-11-26 22:44:37,10.97083333332724
2024-11-26 22:44:42,10.97083333332724
2024-11-26 22:44:47,10.97083333332724
2024-11-26 22:44:52,10.97083333332724
2024-11-26 22:44:57,10.97083333332724
2024-11-26 22:45:02,10.97083333332724
2024-11-26 22:45:07,10.97083333332724
2024-11-26 22:45:12,10.97083333332724
2024-11-26 22:45:17,10.97083333332724
2024-11-26 22:45:22,15.174999999987524
2024-11-26 22:45:27,15.174999999987524
2024-11-26 22:45:32,15.174999999987524
2024-11-26 22:45:37,15.174999999987524
2024-11-26 22:45:42,15.174999999987524
2024-11-26 22:45:47,15.174999999987524
2024-11-26 22:45:52,15.174999999987524
2024-11-26 22:45:57,15.174999999987524
2024-11-26 22:46:02,15.174999999987524
2024-11-26 22:46:07,15.174999999987524
2024-11-26 22:46:12,15.174999999987524
2024-11-26 22:46:17,15.174999999987524
2024-11-26 22:46:22,21.616666666665008
2024-11-26 22:46:27,21.616666666665008
2024-11-26 22:46:32,21.616666666665008
2024-11-26 22:46:37,21.616666666665008
2024-11-26 22:46:42,21.616666666665008
2024-11-26 22:46:47,21.616666666665008
2024-11-26 22:46:52,21.616666666665008
2024-11-26 22:46:57,21.616666666665008
2024-11-26 22:47:02,21.616666666665008
2024-11-26 22:47:07,21.616666666665008
2024-11-26 22:47:12,21.616666666665008
2024-11-26 22:47:17,21.616666666665008
2024-11-26 22:47:22,35.54166666667015
2024-11-26 22:47:27,35.54166666667015
2024-11-26 22:47:32,35.54166666667015
2024-11-26 22:47:37,35.54166666667015
2024-11-26 22:47:42,35.54166666667015
2024-11-26 22:47:47,35.54166666667015
2024-11-26 22:47:52,35.54166666667015
2024-11-26 22:47:57,35.54166666667015
2024-11-26 22:48:02,35.54166666667015
2024-11-26 22:48:07,35.54166666667015
2024-11-26 22:48:12,35.54166666667015
2024-11-26 22:48:17,35.54166666667015
2024-11-26 22:48:22,53.78750000000082
2024-11-26 22:48:27,53.78750000000082
2024-11-26 22:48:32,53.78750000000082
2024-11-26 22:48:37,53.78750000000082
2024-11-26 22:48:42,53.78750000000082
2024-11-26 22:48:47,53.78750000000082
2024-11-26 22:48:52,53.78750000000082
2024-11-26 22:48:57,53.78750000000082
2024-11-26 22:49:02,53.78750000000082
2024-11-26 22:49:07,53.78750000000082
2024-11-26 22:49:12,53.78750000000082
2024-11-26 22:49:17,53.78750000000082
2024-11-26 22:49:22,70.92500000000598
2024-11-26 22:49:27,70.92500000000598
2024-11-26 22:49:32,70.92500000000598
2024-11-26 22:49:37,70.92500000000598
2024-11-26 22:49:42,70.92500000000598
2024-11-26 22:49:47,70.92500000000598
2024-11-26 22:49:52,70.92500000000598
2024-11-26 22:49:57,70.92500000000598
2024-11-26 22:50:02,70.92500000000598
2024-11-26 22:50:07,70.92500000000598
2024-11-26 22:50:12,70.92500000000598
2024-11-26 22:50:17,70.92500000000598
2024-11-26 22:50:22,84.73333333333169
2024-11-26 22:50:27,84.73333333333169
2024-11-26 22:50:32,84.73333333333169
2024-11-26 22:50:37,84.73333333333169
2024-11-26 22:50:42,84.73333333333169
2024-11-26 22:50:47,84.73333333333169
2024-11-26 22:50:52,84.73333333333169
2024-11-26 22:50:57,84.73333333333169
2024-11-26 22:51:02,84.73333333333169
2024-11-26 22:51:07,84.73333333333169
2024-11-26 22:51:12,84.73333333333169
2024-11-26 22:51:17,84.73333333333169
2024-11-26 22:51:22,91.13749999999811
2024-11-26 22:51:27,91.13749999999811
2024-11-26 22:51:32,91.13749999999811
2024-11-26 22:51:37,91.13749999999811
2024-11-26 22:51:42,91.13749999999811
2024-11-26 22:51:47,91.13749999999811
2024-11-26 22:51:52,91.13749999999811
2024-11-26 22:51:57,91.13749999999811
2024-11-26 22:52:02,91.13749999999811
2024-11-26 22:52:07,91.13749999999811
2024-11-26 22:52:12,91.13749999999811
2024-11-26 22:52:17,91.13749999999811
2024-11-26 22:52:22,75.46250000000451
2024-11-26 22:52:27,75.46250000000451
2024-11-26 22:52:32,75.46250000000451
2024-11-26 22:52:37,75.46250000000451
2024-11-26 22:52:42,75.46250000000451
2024-11-26 22:52:47,75.46250000000451
2024-11-26 22:52:52,75.46250000000451
2024-11-26 22:52:57,75.46250000000451
2024-11-26 22:53:02,75.46250000000451
2024-11-26 22:53:07,75.46250000000451
2024-11-26 22:53:12,75.46250000000451
2024-11-26 22:53:17,75.46250000000451
2024-11-26 22:53:22,71.61666666668197
2024-11-26 22:53:27,71.61666666668197
2024-11-26 22:53:32,71.61666666668197
2024-11-26 22:53:37,71.61666666668197
2024-11-26 22:53:42,71.61666666668197
2024-11-26 22:53:47,71.61666666668197
2024-11-26 22:53:52,71.61666666668197
2024-11-26 22:53:57,71.61666666668197
2024-11-26 22:54:02,71.61666666668197
2024-11-26 22:54:07,71.61666666668197
2024-11-26 22:54:12,71.61666666668197
2024-11-26 22:54:17,71.61666666668197
2024-11-26 22:54:22,69.34999999998685
2024-11-26 22:54:27,69.34999999998685
2024-11-26 22:54:32,69.34999999998685
2024-11-26 22:54:37,69.34999999998685
2024-11-26 22:54:42,69.34999999998685
2024-11-26 22:54:47,69.34999999998685
2024-11-26 22:54:52,69.34999999998685
2024-11-26 22:54:57,69.34999999998685
2024-11-26 22:55:02,69.34999999998685
2024-11-26 22:55:07,69.34999999998685
2024-11-26 22:55:12,69.34999999998685
2024-11-26 22:55:17,69.34999999998685
2024-11-26 22:55:22,53.19166666666462
2024-11-26 22:55:27,53.19166666666462
2024-11-26 22:55:32,53.19166666666462
2024-11-26 22:55:37,53.19166666666462
2024-11-26 22:55:42,53.19166666666462
2024-11-26 22:55:47,53.19166666666462
2024-11-26 22:55:52,53.19166666666462
2024-11-26 22:55:57,53.19166666666462
2024-11-26 22:56:02,53.19166666666462
2024-11-26 22:56:07,53.19166666666462
2024-11-26 22:56:12,53.19166666666462
2024-11-26 22:56:17,53.19166666666462
2024-11-26 22:56:22,65.02500000000016
2024-11-26 22:56:27,65.02500000000016
2024-11-26 22:56:32,65.02500000000016
2024-11-26 22:56:37,65.02500000000016
2024-11-26 22:56:42,65.02500000000016
2024-11-26 22:56:47,65.02500000000016
2024-11-26 22:56:52,65.02500000000016
2024-11-26 22:56:57,65.02500000000016
2024-11-26 22:57:02,65.02500000000016
2024-11-26 22:57:07,65.02500000000016
2024-11-26 22:57:12,65.02500000000016
2024-11-26 22:57:17,65.02500000000016
2024-11-26 22:57:22,60.495833333313364
2024-11-26 22:57:27,60.495833333313364
2024-11-26 22:57:32,60.495833333313364
2024-11-26 22:57:37,60.495833333313364
2024-11-26 22:57:42,60.495833333313364
2024-11-26 22:57:47,60.495833333313364
2024-11-26 22:57:52,60.495833333313364
2024-11-26 22:57:57,60.495833333313364
2024-11-26 22:58:02,60.495833333313364
2024-11-26 22:58:07,60.495833333313364
2024-11-26 22:58:12,60.495833333313364
2024-11-26 22:58:17,60.495833333313364
2024-11-26 22:58:22,47.4833333333432
2024-11-26 22:58:27,47.4833333333432
2024-11-26 22:58:32,47.4833333333432
2024-11-26 22:58:37,47.4833333333432
2024-11-26 22:58:42,47.4833333333432
2024-11-26 22:58:47,47.4833333333432
2024-11-26 22:58:52,47.4833333333432
2024-11-26 22:58:57,47.4833333333432
2024-11-26 22:59:02,47.4833333333432
2024-11-26 22:59:07,47.4833333333432
2024-11-26 22:59:12,47.4833333333432
2024-11-26 22:59:17,47.4833333333432
2024-11-26 22:59:22,49.20833333333453
2024-11-26 22:59:27,49.20833333333453
2024-11-26 22:59:32,49.20833333333453
2024-11-26 22:59:37,49.20833333333453
2024-11-26 22:59:42,49.20833333333453
2024-11-26 22:59:47,49.20833333333453
2024-11-26 22:59:52,49.20833333333453
2024-11-26 22:59:57,49.20833333333453
2024-11-26 23:00:02,49.20833333333453
2024-11-26 23:00:07,49.20833333333453
2024-11-26 23:00:12,49.20833333333453
2024-11-26 23:00:17,49.20833333333453
2024-11-26 23:00:22,40.5458333333318
2024-11-26 23:00:27,40.5458333333318
2024-11-26 23:00:32,40.5458333333318
2024-11-26 23:00:37,40.5458333333318
2024-11-26 23:00:42,40.5458333333318
2024-11-26 23:00:47,40.5458333333318
2024-11-26 23:00:52,40.5458333333318
2024-11-26 23:00:57,40.5458333333318
2024-11-26 23:01:02,40.5458333333318
2024-11-26 23:01:07,40.5458333333318
2024-11-26 23:01:12,40.5458333333318
2024-11-26 23:01:17,40.5458333333318
2024-11-26 23:01:22,33.291666666683376
2024-11-26 23:01:27,33.291666666683376
2024-11-26 23:01:32,33.291666666683376
2024-11-26 23:01:37,33.291666666683376
2024-11-26 23:01:42,33.291666666683376
2024-11-26 23:01:47,33.291666666683376
2024-11-26 23:01:52,33.291666666683376
2024-11-26 23:01:57,33.291666666683376
2024-11-26 23:02:02,33.291666666683376
2024-11-26 23:02:07,33.291666666683376
2024-11-26 23:02:12,33.291666666683376
2024-11-26 23:02:17,33.291666666683376
2024-11-26 23:02:22,34.71666666665366
2024-11-26 23:02:27,34.71666666665366
2024-11-26 23:02:32,34.71666666665366
2024-11-26 23:02:37,34.71666666665366
2024-11-26 23:02:42,34.71666666665366
2024-11-26 23:02:47,34.71666666665366
2024-11-26 23:02:52,34.71666666665366
2024-11-26 23:02:57,34.71666666665366
2024-11-26 23:03:02,34.71666666665366
2024-11-26 23:03:07,34.71666666665366
2024-11-26 23:03:12,34.71666666665366
2024-11-26 23:03:17,34.71666666665366
2024-11-26 23:03:22,35.28333333333658
2024-11-26 23:03:27,35.28333333333658
2024-11-26 23:03:32,35.28333333333658
2024-11-26 23:03:37,35.28333333333658
2024-11-26 23:03:42,35.28333333333658
2024-11-26 23:03:47,35.28333333333658
2024-11-26 23:03:52,35.28333333333658
2024-11-26 23:03:57,35.28333333333658
2024-11-26 23:04:02,35.28333333333658
2024-11-26 23:04:07,35.28333333333658
2024-11-26 23:04:12,35.28333333333658
2024-11-26 23:04:17,35.28333333333658
2024-11-26 23:04:22,34.104166666660944
2024-11-26 23:04:27,34.104166666660944
2024-11-26 23:04:32,34.104166666660944
2024-11-26 23:04:37,34.104166666660944
2024-11-26 23:04:42,34.104166666660944
2024-11-26 23:04:47,34.104166666660944
2024-11-26 23:04:52,34.104166666660944
2024-11-26 23:04:57,34.104166666660944
2024-11-26 23:05:02,34.104166666660944
2024-11-26 23:05:07,34.104166666660944
2024-11-26 23:05:12,34.104166666660944
2024-11-26 23:05:17,34.104166666660944
2024-11-26 23:05:22,33.799999999997965
2024-11-26 23:05:27,33.799999999997965
2024-11-26 23:05:32,33.799999999997965
2024-11-26 23:05:37,33.799999999997965
2024-11-26 23:05:42,33.799999999997965
2024-11-26 23:05:47,33.799999999997965
2024-11-26 23:05:52,33.799999999997965
2024-11-26 23:05:57,33.799999999997965
2024-11-26 23:06:02,33.799999999997965
2024-11-26 23:06:07,33.799999999997965
2024-11-26 23:06:12,33.799999999997965
2024-11-26 23:06:17,33.799999999997965
2024-11-26 23:06:22,34.224999999995305
2024-11-26 23:06:27,34.224999999995305
2024-11-26 23:06:32,34.224999999995305
2024-11-26 23:06:37,34.224999999995305
2024-11-26 23:06:42,34.224999999995305
2024-11-26 23:06:47,34.224999999995305
2024-11-26 23:06:52,34.224999999995305
2024-11-26 23:06:57,34.224999999995305
2024-11-26 23:07:02,34.224999999995305
2024-11-26 23:07:07,34.224999999995305
2024-11-26 23:07:12,34.224999999995305
2024-11-26 23:07:17,34.224999999995305
2024-11-26 23:07:22,43.59999999999985
2024-11-26 23:07:27,43.59999999999985
2024-11-26 23:07:32,43.59999999999985
2024-11-26 23:07:37,43.59999999999985
2024-11-26 23:07:42,43.59999999999985
2024-11-26 23:07:47,43.59999999999985
2024-11-26 23:07:52,43.59999999999985
2024-11-26 23:07:57,43.59999999999985
2024-11-26 23:08:02,43.59999999999985
2024-11-26 23:08:07,43.59999999999985
2024-11-26 23:08:12,43.59999999999985
2024-11-26 23:08:17,43.59999999999985
2024-11-26 23:08:22,57.5458333333421
2024-11-26 23:08:27,57.5458333333421
2024-11-26 23:08:32,57.5458333333421
2024-11-26 23:08:37,57.5458333333421
2024-11-26 23:08:42,57.5458333333421
2024-11-26 23:08:47,57.5458333333421
2024-11-26 23:08:52,57.5458333333421
2024-11-26 23:08:57,57.5458333333421
2024-11-26 23:09:02,57.5458333333421
2024-11-26 23:09:07,57.5458333333421
2024-11-26 23:09:12,57.5458333333421
2024-11-26 23:09:17,57.5458333333421
2024-11-26 23:09:22,73.60000000000866
2024-11-26 23:09:27,73.60000000000866
2024-11-26 23:09:32,73.60000000000866
2024-11-26 23:09:37,73.60000000000866
2024-11-26 23:09:42,73.60000000000866
2024-11-26 23:09:47,73.60000000000866
2024-11-26 23:09:52,73.60000000000866
2024-11-26 23:09:57,73.60000000000866
2024-11-26 23:10:02,73.60000000000866
2024-11-26 23:10:07,73.60000000000866
2024-11-26 23:10:12,73.60000000000866
2024-11-26 23:10:17,73.60000000000866
2024-11-26 23:10:22,85.52083333333779
2024-11-26 23:10:27,85.52083333333779
2024-11-26 23:10:32,85.52083333333779
2024-11-26 23:10:37,85.52083333333779
2024-11-26 23:10:42,85.52083333333779
2024-11-26 23:10:47,85.52083333333779
2024-11-26 23:10:52,85.52083333333779
2024-11-26 23:10:57,85.52083333333779
2024-11-26 23:11:02,85.52083333333779
2024-11-26 23:11:07,85.52083333333779
2024-11-26 23:11:12,85.52083333333779
2024-11-26 23:11:17,85.52083333333779
2024-11-26 23:11:22,89.195833333337
2024-11-26 23:11:27,89.195833333337
2024-11-26 23:11:32,89.195833333337
2024-11-26 23:11:37,89.195833333337
2024-11-26 23:11:42,89.195833333337
2024-11-26 23:11:47,89.195833333337
2024-11-26 23:11:52,89.195833333337
2024-11-26 23:11:57,89.195833333337
2024-11-26 23:12:02,89.195833333337
2024-11-26 23:12:07,89.195833333337
2024-11-26 23:12:12,89.195833333337
2024-11-26 23:12:17,89.195833333337
2024-11-26 23:12:22,90.1068315528121
2024-11-26 23:12:27,90.1068315528121
2024-11-26 23:12:32,90.1068315528121
2024-11-26 23:12:37,90.1068315528121
2024-11-26 23:12:42,90.1068315528121
2024-11-26 23:12:47,90.1068315528121
2024-11-26 23:12:52,90.1068315528121
2024-11-26 23:12:57,90.1068315528121
2024-11-26 23:13:02,90.1068315528121
2024-11-26 23:13:07,90.1068315528121
2024-11-26 23:13:12,90.1068315528121
2024-11-26 23:13:17,90.1068315528121
2024-11-26 23:13:22,85.46666666665553
2024-11-26 23:13:27,85.46666666665553
2024-11-26 23:13:32,85.46666666665553
2024-11-26 23:13:37,85.46666666665553
2024-11-26 23:13:42,85.46666666665553
2024-11-26 23:13:47,85.46666666665553
2024-11-26 23:13:52,85.46666666665553
2024-11-26 23:13:57,85.46666666665553
2024-11-26 23:14:02,85.46666666665553
2024-11-26 23:14:07,85.46666666665553
2024-11-26 23:14:12,85.46666666665553
2024-11-26 23:14:17,85.46666666665553
2024-11-26 23:14:22,84.5291666666669
2024-11-26 23:14:27,84.5291666666669
2024-11-26 23:14:32,84.5291666666669
2024-11-26 23:14:37,84.5291666666669
2024-11-26 23:14:42,84.5291666666669
2024-11-26 23:14:47,84.5291666666669
2024-11-26 23:14:52,84.5291666666669
2024-11-26 23:14:57,84.5291666666669
2024-11-26 23:15:02,84.5291666666669
2024-11-26 23:15:07,84.5291666666669
2024-11-26 23:15:12,84.5291666666669
2024-11-26 23:15:17,84.5291666666669
2024-11-26 23:15:22,84.6999999999872
2024-11-26 23:15:27,84.6999999999872
2024-11-26 23:15:32,84.6999999999872
2024-11-26 23:15:37,84.6999999999872
2024-11-26 23:15:42,84.6999999999872
2024-11-26 23:15:47,84.6999999999872
2024-11-26 23:15:52,84.6999999999872
2024-11-26 23:15:57,84.6999999999872
2024-11-26 23:16:02,84.6999999999872
2024-11-26 23:16:07,84.6999999999872
2024-11-26 23:16:12,84.6999999999872
2024-11-26 23:16:17,84.6999999999872
2024-11-26 23:16:22,81.97219953664948
2024-11-26 23:16:27,81.97219953664948
2024-11-26 23:16:32,81.97219953664948
2024-11-26 23:16:37,81.97219953664948
2024-11-26 23:16:42,81.97219953664948
2024-11-26 23:16:47,81.97219953664948
2024-11-26 23:16:52,81.97219953664948
2024-11-26 23:16:57,81.97219953664948
2024-11-26 23:17:02,81.97219953664948
2024-11-26 23:17:07,81.97219953664948
2024-11-26 23:17:12,81.97219953664948
2024-11-26 23:17:17,81.97219953664948
2024-11-26 23:17:22,76.29166666666957
2024-11-26 23:17:27,76.29166666666957
2024-11-26 23:17:32,76.29166666666957
2024-11-26 23:17:37,76.29166666666957
2024-11-26 23:17:42,76.29166666666957
2024-11-26 23:17:47,76.29166666666957
2024-11-26 23:17:52,76.29166666666957
2024-11-26 23:17:57,76.29166666666957
2024-11-26 23:18:02,76.29166666666957
2024-11-26 23:18:07,76.29166666666957
2024-11-26 23:18:12,76.29166666666957
2024-11-26 23:18:17,76.29166666666957
2024-11-26 23:18:22,63.49583333333489
2024-11-26 23:18:27,63.49583333333489
2024-11-26 23:18:32,63.49583333333489
2024-11-26 23:18:37,63.49583333333489
2024-11-26 23:18:42,63.49583333333489
2024-11-26 23:18:47,63.49583333333489
2024-11-26 23:18:52,63.49583333333489
2024-11-26 23:18:57,63.49583333333489
2024-11-26 23:19:02,63.49583333333489
2024-11-26 23:19:07,63.49583333333489
2024-11-26 23:19:12,63.49583333333489
2024-11-26 23:19:17,63.49583333333489
2024-11-26 23:19:22,48.458333333327914
2024-11-26 23:19:27,48.458333333327914
2024-11-26 23:19:32,48.458333333327914
2024-11-26 23:19:37,48.458333333327914
2024-11-26 23:19:42,48.458333333327914
2024-11-26 23:19:47,48.458333333327914
2024-11-26 23:19:52,48.458333333327914
2024-11-26 23:19:57,48.458333333327914
2024-11-26 23:20:02,48.458333333327914
2024-11-26 23:20:07,48.458333333327914
2024-11-26 23:20:12,48.458333333327914
2024-11-26 23:20:17,48.458333333327914
2024-11-26 23:20:22,35.61666666665426
2024-11-26 23:20:27,35.61666666665426
2024-11-26 23:20:32,35.61666666665426
2024-11-26 23:20:37,35.61666666665426
2024-11-26 23:20:42,35.61666666665426
2024-11-26 23:20:47,35.61666666665426
2024-11-26 23:20:52,35.61666666665426
2024-11-26 23:20:57,35.61666666665426
2024-11-26 23:21:02,35.61666666665426
2024-11-26 23:21:07,35.61666666665426
2024-11-26 23:21:12,35.61666666665426
2024-11-26 23:21:17,35.61666666665426
2024-11-26 23:21:22,29.42499999998972
2024-11-26 23:21:27,29.42499999998972
2024-11-26 23:21:32,29.42499999998972
2024-11-26 23:21:37,29.42499999998972
2024-11-26 23:21:42,29.42499999998972
2024-11-26 23:21:47,29.42499999998972
2024-11-26 23:21:52,29.42499999998972
2024-11-26 23:21:57,29.42499999998972
2024-11-26 23:22:02,29.42499999998972
2024-11-26 23:22:07,29.42499999998972
2024-11-26 23:22:12,29.42499999998972
2024-11-26 23:22:17,29.42499999998972
2024-11-26 23:22:22,29.487500000010698
2024-11-26 23:22:27,29.487500000010698
2024-11-26 23:22:32,29.487500000010698
2024-11-26 23:22:37,29.487500000010698
2024-11-26 23:22:42,29.487500000010698
2024-11-26 23:22:47,29.487500000010698
2024-11-26 23:22:52,29.487500000010698
2024-11-26 23:22:57,29.487500000010698
2024-11-26 23:23:02,29.487500000010698
2024-11-26 23:23:07,29.487500000010698
2024-11-26 23:23:12,29.487500000010698
2024-11-26 23:23:17,29.487500000010698
2024-11-26 23:23:22,30.037499999997785
2024-11-26 23:23:27,30.037499999997785
2024-11-26 23:23:32,30.037499999997785
2024-11-26 23:23:37,30.037499999997785
2024-11-26 23:23:42,30.037499999997785
2024-11-26 23:23:47,30.037499999997785
2024-11-26 23:23:52,30.037499999997785
2024-11-26 23:23:57,30.037499999997785
2024-11-26 23:24:02,30.037499999997785
2024-11-26 23:24:07,30.037499999997785
2024-11-26 23:24:12,30.037499999997785
2024-11-26 23:24:17,30.037499999997785
2024-11-26 23:24:22,30.508333333334765
2024-11-26 23:24:27,30.508333333334765
2024-11-26 23:24:32,30.508333333334765
2024-11-26 23:24:37,30.508333333334765
2024-11-26 23:24:42,30.508333333334765
2024-11-26 23:24:47,30.508333333334765
2024-11-26 23:24:52,30.508333333334765
2024-11-26 23:24:57,30.508333333334765
2024-11-26 23:25:02,30.508333333334765
2024-11-26 23:25:07,30.508333333334765
2024-11-26 23:25:12,30.508333333334765
2024-11-26 23:25:17,30.508333333334765
2024-11-26 23:25:22,31.316666666675797
2024-11-26 23:25:27,31.316666666675797
2024-11-26 23:25:32,31.316666666675797
2024-11-26 23:25:37,31.316666666675797
2024-11-26 23:25:42,31.316666666675797
2024-11-26 23:25:47,31.316666666675797
2024-11-26 23:25:52,31.316666666675797
2024-11-26 23:25:57,31.316666666675797
2024-11-26 23:26:02,31.316666666675797
2024-11-26 23:26:07,31.316666666675797
2024-11-26 23:26:12,31.316666666675797
2024-11-26 23:26:17,31.316666666675797
2024-11-26 23:26:22,30.79583333332579
2024-11-26 23:26:27,30.79583333332579
2024-11-26 23:26:32,30.79583333332579
2024-11-26 23:26:37,30.79583333332579
2024-11-26 23:26:42,30.79583333332579
2024-11-26 23:26:47,30.79583333332579
2024-11-26 23:26:52,30.79583333332579
2024-11-26 23:26:57,30.79583333332579
2024-11-26 23:27:02,30.79583333332579
2024-11-26 23:27:07,30.79583333332579
2024-11-26 23:27:12,30.79583333332579
2024-11-26 23:27:17,30.79583333332579
2024-11-26 23:27:22,31.70833333334343
2024-11-26 23:27:27,31.70833333334343
2024-11-26 23:27:32,31.70833333334343
2024-11-26 23:27:37,31.70833333334343
2024-11-26 23:27:42,31.70833333334343
2024-11-26 23:27:47,31.70833333334343
2024-11-26 23:27:52,31.70833333334343
2024-11-26 23:27:57,31.70833333334343
2024-11-26 23:28:02,31.70833333334343
2024-11-26 23:28:07,31.70833333334343
2024-11-26 23:28:12,31.70833333334343
2024-11-26 23:28:17,31.70833333334343
2024-11-26 23:28:22,31.754166666676248
2024-11-26 23:28:27,31.754166666676248
2024-11-26 23:28:32,31.754166666676248
2024-11-26 23:28:37,31.754166666676248
2024-11-26 23:28:42,31.754166666676248
2024-11-26 23:28:47,31.754166666676248
2024-11-26 23:28:52,31.754166666676248
2024-11-26 23:28:57,31.754166666676248
2024-11-26 23:29:02,31.754166666676248
2024-11-26 23:29:07,31.754166666676248
2024-11-26 23:29:12,31.754166666676248
2024-11-26 23:29:17,31.754166666676248
2024-11-26 23:29:22,31.67916666666334
2024-11-26 23:29:27,31.67916666666334
2024-11-26 23:29:32,31.67916666666334
2024-11-26 23:29:37,31.67916666666334
2024-11-26 23:29:42,31.67916666666334
2024-11-26 23:29:47,31.67916666666334
2024-11-26 23:29:52,31.67916666666334
2024-11-26 23:29:57,31.67916666666334
2024-11-26 23:30:02,31.67916666666334
2024-11-26 23:30:07,31.67916666666334
2024-11-26 23:30:12,31.67916666666334
2024-11-26 23:30:17,31.67916666666334
2024-11-26 23:30:22,31.729166666660547
2024-11-26 23:30:27,31.729166666660547
2024-11-26 23:30:32,31.729166666660547
2024-11-26 23:30:37,31.729166666660547
2024-11-26 23:30:42,31.729166666660547
2024-11-26 23:30:47,31.729166666660547
2024-11-26 23:30:52,31.729166666660547
2024-11-26 23:30:57,31.729166666660547
2024-11-26 23:31:02,31.729166666660547
2024-11-26 23:31:07,31.729166666660547
2024-11-26 23:31:12,31.729166666660547
2024-11-26 23:31:17,31.729166666660547
2024-11-26 23:31:22,30.841666666678975
2024-11-26 23:31:27,30.841666666678975
2024-11-26 23:31:32,30.841666666678975
2024-11-26 23:31:37,30.841666666678975
2024-11-26 23:31:42,30.841666666678975
2024-11-26 23:31:47,30.841666666678975
2024-11-26 23:31:52,30.841666666678975
2024-11-26 23:31:57,30.841666666678975
2024-11-26 23:32:02,30.841666666678975
2024-11-26 23:32:07,30.841666666678975
2024-11-26 23:32:12,30.841666666678975
2024-11-26 23:32:17,30.841666666678975
2024-11-26 23:32:22,30.63333333331911
2024-11-26 23:32:27,30.63333333331911
2024-11-26 23:32:32,30.63333333331911
2024-11-26 23:32:37,30.63333333331911
2024-11-26 23:32:42,30.63333333331911
2024-11-26 23:32:47,30.63333333331911
2024-11-26 23:32:52,30.63333333331911
2024-11-26 23:32:57,30.63333333331911
2024-11-26 23:33:02,30.63333333331911
2024-11-26 23:33:07,30.63333333331911
2024-11-26 23:33:12,30.63333333331911
2024-11-26 23:33:17,30.63333333331911
2024-11-26 23:33:22,29.50416666667015
2024-11-26 23:33:27,29.50416666667015
2024-11-26 23:33:32,29.50416666667015
2024-11-26 23:33:37,29.50416666667015
2024-11-26 23:33:42,29.50416666667015
2024-11-26 23:33:47,29.50416666667015
2024-11-26 23:33:52,29.50416666667015
2024-11-26 23:33:57,29.50416666667015
2024-11-26 23:34:02,29.50416666667015
2024-11-26 23:34:07,29.50416666667015
2024-11-26 23:34:12,29.50416666667015
2024-11-26 23:34:17,29.50416666667015
2024-11-26 23:34:22,29.262500000006924
2024-11-26 23:34:27,29.262500000006924
2024-11-26 23:34:32,29.262500000006924
2024-11-26 23:34:37,29.262500000006924
2024-11-26 23:34:42,29.262500000006924
2024-11-26 23:34:47,29.262500000006924
2024-11-26 23:34:52,29.262500000006924
2024-11-26 23:34:57,29.262500000006924
2024-11-26 23:35:02,29.262500000006924
2024-11-26 23:35:07,29.262500000006924
2024-11-26 23:35:12,29.262500000006924
2024-11-26 23:35:17,29.262500000006924
2024-11-26 23:35:22,29.14166666666347
2024-11-26 23:35:27,29.14166666666347
2024-11-26 23:35:32,29.14166666666347
2024-11-26 23:35:37,29.14166666666347
2024-11-26 23:35:42,29.14166666666347
2024-11-26 23:35:47,29.14166666666347
2024-11-26 23:35:52,29.14166666666347
2024-11-26 23:35:57,29.14166666666347
2024-11-26 23:36:02,29.14166666666347
2024-11-26 23:36:07,29.14166666666347
2024-11-26 23:36:12,29.14166666666347
2024-11-26 23:36:17,29.14166666666347
2024-11-26 23:36:22,28.55833333335075
2024-11-26 23:36:27,28.55833333335075
2024-11-26 23:36:32,28.55833333335075
2024-11-26 23:36:37,28.55833333335075
2024-11-26 23:36:42,28.55833333335075
2024-11-26 23:36:47,28.55833333335075
2024-11-26 23:36:52,28.55833333335075
2024-11-26 23:36:57,28.55833333335075
2024-11-26 23:37:02,28.55833333335075
2024-11-26 23:37:07,28.55833333335075
2024-11-26 23:37:12,28.55833333335075
2024-11-26 23:37:17,28.55833333335075
2024-11-26 23:37:22,28.508333333336864
2024-11-26 23:37:27,28.508333333336864
2024-11-26 23:37:32,28.508333333336864
2024-11-26 23:37:37,28.508333333336864
2024-11-26 23:37:42,28.508333333336864
2024-11-26 23:37:47,28.508333333336864
2024-11-26 23:37:52,28.508333333336864
2024-11-26 23:37:57,28.508333333336864
2024-11-26 23:38:02,28.508333333336864
2024-11-26 23:38:07,28.508333333336864
2024-11-26 23:38:12,28.508333333336864
2024-11-26 23:38:17,28.508333333336864
2024-11-26 23:38:22,28.125000000015444
2024-11-26 23:38:27,28.125000000015444
2024-11-26 23:38:32,28.125000000015444
2024-11-26 23:38:37,28.125000000015444
2024-11-26 23:38:42,28.125000000015444
2024-11-26 23:38:47,28.125000000015444
2024-11-26 23:38:52,28.125000000015444
2024-11-26 23:38:57,28.125000000015444
2024-11-26 23:39:02,28.125000000015444
2024-11-26 23:39:07,28.125000000015444
2024-11-26 23:39:12,28.125000000015444
2024-11-26 23:39:17,28.125000000015444
2024-11-26 23:39:22,28.92083333332825
2024-11-26 23:39:27,28.92083333332825
2024-11-26 23:39:32,28.92083333332825
2024-11-26 23:39:37,28.92083333332825
2024-11-26 23:39:42,28.92083333332825
2024-11-26 23:39:47,28.92083333332825
2024-11-26 23:39:52,28.92083333332825
2024-11-26 23:39:57,28.92083333332825
2024-11-26 23:40:02,28.92083333332825
2024-11-26 23:40:07,28.92083333332825
2024-11-26 23:40:12,28.92083333332825
2024-11-26 23:40:17,28.92083333332825
2024-11-26 23:40:22,29.687499999998007
2024-11-26 23:40:27,29.687499999998007
2024-11-26 23:40:32,29.687499999998007
2024-11-26 23:40:37,29.687499999998007
2024-11-26 23:40:42,29.687499999998007
2024-11-26 23:40:47,29.687499999998007
2024-11-26 23:40:52,29.687499999998007
2024-11-26 23:40:57,29.687499999998007
2024-11-26 23:41:02,29.687499999998007
2024-11-26 23:41:07,29.687499999998007
2024-11-26 23:41:12,29.687499999998007
2024-11-26 23:41:17,29.687499999998007
2024-11-26 23:41:22,29.920833333317393
2024-11-26 23:41:27,29.920833333317393
2024-11-26 23:41:32,29.920833333317393
2024-11-26 23:41:37,29.920833333317393
2024-11-26 23:41:42,29.920833333317393
2024-11-26 23:41:47,29.920833333317393
2024-11-26 23:41:52,29.920833333317393
2024-11-26 23:41:57,29.920833333317393
2024-11-26 23:42:02,29.920833333317393
2024-11-26 23:42:07,29.920833333317393
2024-11-26 23:42:12,29.920833333317393
2024-11-26 23:42:17,29.920833333317393
2024-11-26 23:42:22,30.379166666642544
2024-11-26 23:42:27,30.379166666642544
2024-11-26 23:42:32,30.379166666642544
2024-11-26 23:42:37,30.379166666642544
2024-11-26 23:42:42,30.379166666642544
2024-11-26 23:42:47,30.379166666642544
2024-11-26 23:42:52,30.379166666642544
2024-11-26 23:42:57,30.379166666642544
2024-11-26 23:43:02,30.379166666642544
2024-11-26 23:43:07,30.379166666642544
2024-11-26 23:43:12,30.379166666642544
2024-11-26 23:43:17,30.379166666642544
2024-11-26 23:43:22,29.85833333333185
2024-11-26 23:43:27,29.85833333333185
2024-11-26 23:43:32,29.85833333333185
2024-11-26 23:43:37,29.85833333333185
2024-11-26 23:43:42,29.85833333333185
2024-11-26 23:43:47,29.85833333333185
2024-11-26 23:43:52,29.85833333333185
2024-11-26 23:43:57,29.85833333333185
2024-11-26 23:44:02,29.85833333333185
2024-11-26 23:44:07,29.85833333333185
2024-11-26 23:44:12,29.85833333333185
2024-11-26 23:44:17,29.85833333333185
2024-11-26 23:44:22,25.954166666655
2024-11-26 23:44:27,25.954166666655
2024-11-26 23:44:32,25.954166666655
2024-11-26 23:44:37,25.954166666655
2024-11-26 23:44:42,25.954166666655
2024-11-26 23:44:47,25.954166666655
2024-11-26 23:44:52,25.954166666655
2024-11-26 23:44:57,25.954166666655
2024-11-26 23:45:02,25.954166666655
2024-11-26 23:45:07,25.954166666655
2024-11-26 23:45:12,25.954166666655
2024-11-26 23:45:17,25.954166666655
2024-11-26 23:45:22,21.79166666667034
2024-11-26 23:45:27,21.79166666667034
2024-11-26 23:45:32,21.79166666667034
2024-11-26 23:45:37,21.79166666667034
2024-11-26 23:45:42,21.79166666667034
2024-11-26 23:45:47,21.79166666667034
2024-11-26 23:45:52,21.79166666667034
2024-11-26 23:45:57,21.79166666667034
2024-11-26 23:46:02,21.79166666667034
2024-11-26 23:46:07,21.79166666667034
2024-11-26 23:46:12,21.79166666667034
2024-11-26 23:46:17,21.79166666667034
2024-11-26 23:46:22,17.500000000019988
2024-11-26 23:46:27,17.500000000019988
2024-11-26 23:46:32,17.500000000019988
2024-11-26 23:46:37,17.500000000019988
2024-11-26 23:46:42,17.500000000019988
2024-11-26 23:46:47,17.500000000019988
2024-11-26 23:46:52,17.500000000019988
2024-11-26 23:46:57,17.500000000019988
2024-11-26 23:47:02,17.500000000019988
2024-11-26 23:47:07,17.500000000019988
2024-11-26 23:47:12,17.500000000019988
2024-11-26 23:47:17,17.500000000019988
2024-11-26 23:47:22,13.008333333325197
2024-11-26 23:47:27,13.008333333325197
2024-11-26 23:47:32,13.008333333325197
2024-11-26 23:47:37,13.008333333325197
2024-11-26 23:47:42,13.008333333325197
2024-11-26 23:47:47,13.008333333325197
2024-11-26 23:47:52,13.008333333325197
2024-11-26 23:47:57,13.008333333325197
2024-11-26 23:48:02,13.008333333325197
2024-11-26 23:48:07,13.008333333325197
2024-11-26 23:48:12,13.008333333325197
2024-11-26 23:48:17,13.008333333325197
2024-11-26 23:48:22,11.870833333339021
2024-11-26 23:48:27,11.870833333339021
2024-11-26 23:48:32,11.870833333339021
2024-11-26 23:48:37,11.870833333339021
2024-11-26 23:48:42,11.870833333339021
2024-11-26 23:48:47,11.870833333339021
2024-11-26 23:48:52,11.870833333339021
2024-11-26 23:48:57,11.870833333339021
2024-11-26 23:49:02,11.870833333339021
2024-11-26 23:49:07,11.870833333339021
2024-11-26 23:49:12,11.870833333339021
2024-11-26 23:49:17,11.870833333339021
2024-11-26 23:49:22,11.64583333334131
2024-11-26 23:49:27,11.64583333334131
2024-11-26 23:49:32,11.64583333334131
2024-11-26 23:49:37,11.64583333334131
2024-11-26 23:49:42,11.64583333334131
2024-11-26 23:49:47,11.64583333334131
2024-11-26 23:49:52,11.64583333334131
2024-11-26 23:49:57,11.64583333334131
2024-11-26 23:50:02,11.64583333334131
2024-11-26 23:50:07,11.64583333334131
2024-11-26 23:50:12,11.64583333334131
2024-11-26 23:50:17,11.64583333334131
2024-11-26 23:50:22,11.866666666654737
2024-11-26 23:50:27,11.866666666654737
2024-11-26 23:50:32,11.866666666654737
2024-11-26 23:50:37,11.866666666654737
2024-11-26 23:50:42,11.866666666654737
2024-11-26 23:50:47,11.866666666654737
2024-11-26 23:50:52,11.866666666654737
2024-11-26 23:50:57,11.866666666654737
2024-11-26 23:51:02,11.866666666654737
2024-11-26 23:51:07,11.866666666654737
2024-11-26 23:51:12,11.866666666654737
2024-11-26 23:51:17,11.866666666654737
2024-11-26 23:51:22,11.804166666672131
2024-11-26 23:51:27,11.804166666672131
2024-11-26 23:51:32,11.804166666672131
2024-11-26 23:51:37,11.804166666672131
2024-11-26 23:51:42,11.804166666672131
2024-11-26 23:51:47,11.804166666672131
2024-11-26 23:51:52,11.804166666672131
2024-11-26 23:51:57,11.804166666672131
2024-11-26 23:52:02,11.804166666672131
2024-11-26 23:52:07,11.804166666672131
2024-11-26 23:52:12,11.804166666672131
2024-11-26 23:52:17,11.804166666672131
2024-11-26 23:52:22,11.912500000012754
2024-11-26 23:52:27,11.912500000012754
2024-11-26 23:52:32,11.912500000012754
2024-11-26 23:52:37,11.912500000012754
2024-11-26 23:52:42,11.912500000012754
2024-11-26 23:52:47,11.912500000012754
2024-11-26 23:52:52,11.912500000012754
2024-11-26 23:52:57,11.912500000012754
2024-11-26 23:53:02,11.912500000012754
2024-11-26 23:53:07,11.912500000012754
2024-11-26 23:53:12,11.912500000012754
2024-11-26 23:53:17,11.912500000012754
2024-11-26 23:53:22,10.933333333336085
2024-11-26 23:53:27,10.933333333336085
2024-11-26 23:53:32,10.933333333336085
2024-11-26 23:53:37,10.933333333336085
2024-11-26 23:53:42,10.933333333336085
2024-11-26 23:53:47,10.933333333336085
2024-11-26 23:53:52,10.933333333336085
2024-11-26 23:53:57,10.933333333336085
2024-11-26 23:54:02,10.933333333336085
2024-11-26 23:54:07,10.933333333336085
2024-11-26 23:54:12,10.933333333336085
2024-11-26 23:54:17,10.933333333336085
2024-11-26 23:54:22,11.054166666662297
2024-11-26 23:54:27,11.054166666662297
2024-11-26 23:54:32,11.054166666662297
2024-11-26 23:54:37,11.054166666662297
2024-11-26 23:54:42,11.054166666662297
2024-11-26 23:54:47,11.054166666662297
2024-11-26 23:54:52,11.054166666662297
2024-11-26 23:54:57,11.054166666662297
2024-11-26 23:55:02,11.054166666662297
2024-11-26 23:55:07,11.054166666662297
2024-11-26 23:55:12,11.054166666662297
2024-11-26 23:55:17,11.054166666662297
2024-11-26 23:55:22,10.4833333333256
2024-11-26 23:55:27,10.4833333333256
2024-11-26 23:55:32,10.4833333333256
2024-11-26 23:55:37,10.4833333333256
2024-11-26 23:55:42,10.4833333333256
2024-11-26 23:55:47,10.4833333333256
2024-11-26 23:55:52,10.4833333333256
2024-11-26 23:55:57,10.4833333333256
2024-11-26 23:56:02,10.4833333333256
2024-11-26 23:56:07,10.4833333333256
2024-11-26 23:56:12,10.4833333333256
2024-11-26 23:56:17,10.4833333333256
2024-11-26 23:56:22,12.674999999989703
2024-11-26 23:56:27,12.674999999989703
2024-11-26 23:56:32,12.674999999989703
2024-11-26 23:56:37,12.674999999989703
2024-11-26 23:56:42,12.674999999989703
2024-11-26 23:56:47,12.674999999989703
2024-11-26 23:56:52,12.674999999989703
2024-11-26 23:56:57,12.674999999989703
2024-11-26 23:57:02,12.674999999989703
2024-11-26 23:57:07,12.674999999989703
2024-11-26 23:57:12,12.674999999989703
2024-11-26 23:57:17,12.674999999989703
2024-11-26 23:57:22,18.216666666670754
2024-11-26 23:57:27,18.216666666670754
2024-11-26 23:57:32,18.216666666670754
2024-11-26 23:57:37,18.216666666670754
2024-11-26 23:57:42,18.216666666670754
2024-11-26 23:57:47,18.216666666670754
2024-11-26 23:57:52,18.216666666670754
2024-11-26 23:57:57,18.216666666670754
2024-11-26 23:58:02,18.216666666670754
2024-11-26 23:58:07,18.216666666670754
2024-11-26 23:58:12,18.216666666670754
2024-11-26 23:58:17,18.216666666670754
2024-11-26 23:58:22,20.816666666680607
2024-11-26 23:58:27,20.816666666680607
2024-11-26 23:58:32,20.816666666680607
2024-11-26 23:58:37,20.816666666680607
2024-11-26 23:58:42,20.816666666680607
2024-11-26 23:58:47,20.816666666680607
2024-11-26 23:58:52,20.816666666680607
2024-11-26 23:58:57,20.816666666680607
2024-11-26 23:59:02,20.816666666680607
2024-11-26 23:59:07,20.816666666680607
2024-11-26 23:59:12,20.816666666680607
2024-11-26 23:59:17,20.816666666680607
2024-11-26 23:59:22,24.78333333334518
2024-11-26 23:59:27,24.78333333334518
2024-11-26 23:59:32,24.78333333334518
2024-11-26 23:59:37,24.78333333334518
2024-11-26 23:59:42,24.78333333334518
2024-11-26 23:59:47,24.78333333334518
2024-11-26 23:59:52,24.78333333334518
2024-11-26 23:59:57,24.78333333334518
2024-11-27 00:00:02,24.78333333334518
2024-11-27 00:00:07,24.78333333334518
2024-11-27 00:00:12,24.78333333334518
2024-11-27 00:00:17,24.78333333334518
2024-11-27 00:00:22,27.554166666657537
2024-11-27 00:00:27,27.554166666657537
2024-11-27 00:00:32,27.554166666657537
2024-11-27 00:00:37,27.554166666657537
2024-11-27 00:00:42,27.554166666657537
2024-11-27 00:00:47,27.554166666657537
2024-11-27 00:00:52,27.554166666657537
2024-11-27 00:00:57,27.554166666657537
2024-11-27 00:01:02,27.554166666657537
2024-11-27 00:01:07,27.554166666657537
2024-11-27 00:01:12,27.554166666657537
2024-11-27 00:01:17,27.554166666657537
2024-11-27 00:01:22,27.299999999994316
2024-11-27 00:01:27,27.299999999994316
2024-11-27 00:01:32,27.299999999994316
2024-11-27 00:01:37,27.299999999994316
2024-11-27 00:01:42,27.299999999994316
2024-11-27 00:01:47,27.299999999994316
2024-11-27 00:01:52,27.299999999994316
2024-11-27 00:01:57,27.299999999994316
2024-11-27 00:02:02,27.299999999994316
2024-11-27 00:02:07,27.299999999994316
2024-11-27 00:02:12,27.299999999994316
2024-11-27 00:02:17,27.299999999994316
2024-11-27 00:02:22,28.479166666669293
2024-11-27 00:02:27,28.479166666669293
2024-11-27 00:02:32,28.479166666669293
2024-11-27 00:02:37,28.479166666669293
2024-11-27 00:02:42,28.479166666669293
2024-11-27 00:02:47,28.479166666669293
2024-11-27 00:02:52,28.479166666669293
2024-11-27 00:02:57,28.479166666669293
2024-11-27 00:03:02,28.479166666669293
2024-11-27 00:03:07,28.479166666669293
2024-11-27 00:03:12,28.479166666669293
2024-11-27 00:03:17,28.479166666669293
2024-11-27 00:03:22,28.612499999995777
2024-11-27 00:03:27,28.612499999995777
2024-11-27 00:03:32,28.612499999995777
2024-11-27 00:03:37,28.612499999995777
2024-11-27 00:03:42,28.612499999995777
2024-11-27 00:03:47,28.612499999995777
2024-11-27 00:03:52,28.612499999995777
2024-11-27 00:03:57,28.612499999995777
2024-11-27 00:04:02,28.612499999995777
2024-11-27 00:04:07,28.612499999995777
2024-11-27 00:04:12,28.612499999995777
2024-11-27 00:04:17,28.612499999995777
2024-11-27 00:04:22,27.199999999997903
2024-11-27 00:04:27,27.199999999997903
2024-11-27 00:04:32,27.199999999997903
2024-11-27 00:04:37,27.199999999997903
2024-11-27 00:04:42,27.199999999997903
2024-11-27 00:04:47,27.199999999997903
2024-11-27 00:04:52,27.199999999997903
2024-11-27 00:04:57,27.199999999997903
2024-11-27 00:05:02,27.199999999997903
2024-11-27 00:05:07,27.199999999997903
2024-11-27 00:05:12,27.199999999997903
2024-11-27 00:05:17,27.199999999997903
2024-11-27 00:05:22,26.158333333329058
2024-11-27 00:05:27,26.158333333329058
2024-11-27 00:05:32,26.158333333329058
2024-11-27 00:05:37,26.158333333329058
2024-11-27 00:05:42,26.158333333329058
2024-11-27 00:05:47,26.158333333329058
2024-11-27 00:05:52,26.158333333329058
2024-11-27 00:05:57,26.158333333329058
2024-11-27 00:06:02,26.158333333329058
2024-11-27 00:06:07,26.158333333329058
2024-11-27 00:06:12,26.158333333329058
2024-11-27 00:06:17,26.158333333329058
2024-11-27 00:06:22,24.62083333332837
2024-11-27 00:06:27,24.62083333332837
2024-11-27 00:06:32,24.62083333332837
2024-11-27 00:06:37,24.62083333332837
2024-11-27 00:06:42,24.62083333332837
2024-11-27 00:06:47,24.62083333332837
2024-11-27 00:06:52,24.62083333332837
2024-11-27 00:06:57,24.62083333332837
2024-11-27 00:07:02,24.62083333332837
2024-11-27 00:07:07,24.62083333332837
2024-11-27 00:07:12,24.62083333332837
2024-11-27 00:07:17,24.62083333332837
2024-11-27 00:07:22,23.87916666667934
2024-11-27 00:07:27,23.87916666667934
2024-11-27 00:07:32,23.87916666667934
2024-11-27 00:07:37,23.87916666667934
2024-11-27 00:07:42,23.87916666667934
2024-11-27 00:07:47,23.87916666667934
2024-11-27 00:07:52,23.87916666667934
2024-11-27 00:07:57,23.87916666667934
2024-11-27 00:08:02,23.87916666667934
2024-11-27 00:08:07,23.87916666667934
2024-11-27 00:08:12,23.87916666667934
2024-11-27 00:08:17,23.87916666667934
2024-11-27 00:08:22,23.000000000012243
2024-11-27 00:08:27,23.000000000012243
2024-11-27 00:08:32,23.000000000012243
2024-11-27 00:08:37,23.000000000012243
2024-11-27 00:08:42,23.000000000012243
2024-11-27 00:08:47,23.000000000012243
2024-11-27 00:08:52,23.000000000012243
2024-11-27 00:08:57,23.000000000012243
2024-11-27 00:09:02,23.000000000012243
2024-11-27 00:09:07,23.000000000012243
2024-11-27 00:09:12,23.000000000012243
2024-11-27 00:09:17,23.000000000012243
2024-11-27 00:09:22,22.99583333333885
2024-11-27 00:09:27,22.99583333333885
2024-11-27 00:09:32,22.99583333333885
2024-11-27 00:09:37,22.99583333333885
2024-11-27 00:09:42,22.99583333333885
2024-11-27 00:09:47,22.99583333333885
2024-11-27 00:09:52,22.99583333333885
2024-11-27 00:09:57,22.99583333333885
2024-11-27 00:10:02,22.99583333333885
2024-11-27 00:10:07,22.99583333333885
2024-11-27 00:10:12,22.99583333333885
2024-11-27 00:10:17,22.99583333333885
2024-11-27 00:10:22,23.058333333334815
2024-11-27 00:10:27,23.058333333334815
2024-11-27 00:10:32,23.058333333334815
2024-11-27 00:10:37,23.058333333334815
2024-11-27 00:10:42,23.058333333334815
2024-11-27 00:10:47,23.058333333334815
2024-11-27 00:10:52,23.058333333334815
2024-11-27 00:10:57,23.058333333334815
2024-11-27 00:11:02,23.058333333334815
2024-11-27 00:11:07,23.058333333334815
2024-11-27 00:11:12,23.058333333334815
2024-11-27 00:11:17,23.058333333334815
2024-11-27 00:11:22,22.874999999991605
2024-11-27 00:11:27,22.874999999991605
2024-11-27 00:11:32,22.874999999991605
2024-11-27 00:11:37,22.874999999991605
2024-11-27 00:11:42,22.874999999991605
2024-11-27 00:11:47,22.874999999991605
2024-11-27 00:11:52,22.874999999991605
2024-11-27 00:11:57,22.874999999991605
2024-11-27 00:12:02,22.874999999991605
2024-11-27 00:12:07,22.874999999991605
2024-11-27 00:12:12,22.874999999991605
2024-11-27 00:12:17,22.874999999991605
2024-11-27 00:12:22,22.88749999998591
2024-11-27 00:12:27,22.88749999998591
2024-11-27 00:12:32,22.88749999998591
2024-11-27 00:12:37,22.88749999998591
2024-11-27 00:12:42,22.88749999998591
2024-11-27 00:12:47,22.88749999998591
2024-11-27 00:12:52,22.88749999998591
2024-11-27 00:12:57,22.88749999998591
2024-11-27 00:13:02,22.88749999998591
2024-11-27 00:13:07,22.88749999998591
2024-11-27 00:13:12,22.88749999998591
2024-11-27 00:13:17,22.88749999998591
2024-11-27 00:13:22,22.204166666657176
2024-11-27 00:13:27,22.204166666657176
2024-11-27 00:13:32,22.204166666657176
2024-11-27 00:13:37,22.204166666657176
2024-11-27 00:13:42,22.204166666657176
2024-11-27 00:13:47,22.204166666657176
2024-11-27 00:13:52,22.204166666657176
2024-11-27 00:13:57,22.204166666657176
2024-11-27 00:14:02,22.204166666657176
2024-11-27 00:14:07,22.204166666657176
2024-11-27 00:14:12,22.204166666657176
2024-11-27 00:14:17,22.204166666657176
2024-11-27 00:14:22,21.920833333331302
2024-11-27 00:14:27,21.920833333331302
2024-11-27 00:14:32,21.920833333331302
2024-11-27 00:14:37,21.920833333331302
2024-11-27 00:14:42,21.920833333331302
2024-11-27 00:14:47,21.920833333331302
2024-11-27 00:14:52,21.920833333331302
2024-11-27 00:14:57,21.920833333331302
2024-11-27 00:15:02,21.920833333331302
2024-11-27 00:15:07,21.920833333331302
2024-11-27 00:15:12,21.920833333331302
2024-11-27 00:15:17,21.920833333331302
2024-11-27 00:15:22,22.474999999998698
2024-11-27 00:15:27,22.474999999998698
2024-11-27 00:15:32,22.474999999998698
2024-11-27 00:15:37,22.474999999998698
2024-11-27 00:15:42,22.474999999998698
2024-11-27 00:15:47,22.474999999998698
2024-11-27 00:15:52,22.474999999998698
2024-11-27 00:15:57,22.474999999998698
2024-11-27 00:16:02,22.474999999998698
2024-11-27 00:16:07,22.474999999998698
2024-11-27 00:16:12,22.474999999998698
2024-11-27 00:16:17,22.474999999998698
2024-11-27 00:16:22,22.829166666689673
2024-11-27 00:16:27,22.829166666689673
2024-11-27 00:16:32,22.829166666689673
2024-11-27 00:16:37,22.829166666689673
2024-11-27 00:16:42,22.829166666689673
2024-11-27 00:16:47,22.829166666689673
2024-11-27 00:16:52,22.829166666689673
2024-11-27 00:16:57,22.829166666689673
2024-11-27 00:17:02,22.829166666689673
2024-11-27 00:17:07,22.829166666689673
2024-11-27 00:17:12,22.829166666689673
2024-11-27 00:17:17,22.829166666689673
2024-11-27 00:17:22,23.212500000001057
2024-11-27 00:17:27,23.212500000001057
2024-11-27 00:17:32,23.212500000001057
2024-11-27 00:17:37,23.212500000001057
2024-11-27 00:17:42,23.212500000001057
2024-11-27 00:17:47,23.212500000001057
2024-11-27 00:17:52,23.212500000001057
2024-11-27 00:17:57,23.212500000001057
2024-11-27 00:18:02,23.212500000001057
2024-11-27 00:18:07,23.212500000001057
2024-11-27 00:18:12,23.212500000001057
2024-11-27 00:18:17,23.212500000001057
2024-11-27 00:18:22,23.46249999999145
2024-11-27 00:18:27,23.46249999999145
2024-11-27 00:18:32,23.46249999999145
2024-11-27 00:18:37,23.46249999999145
2024-11-27 00:18:42,23.46249999999145
2024-11-27 00:18:47,23.46249999999145
2024-11-27 00:18:52,23.46249999999145
2024-11-27 00:18:57,23.46249999999145
2024-11-27 00:19:02,23.46249999999145
2024-11-27 00:19:07,23.46249999999145
2024-11-27 00:19:12,23.46249999999145
2024-11-27 00:19:17,23.46249999999145
2024-11-27 00:19:22,23.266666666674304
2024-11-27 00:19:27,23.266666666674304
2024-11-27 00:19:32,23.266666666674304
2024-11-27 00:19:37,23.266666666674304
2024-11-27 00:19:42,23.266666666674304
2024-11-27 00:19:47,23.266666666674304
2024-11-27 00:19:52,23.266666666674304
2024-11-27 00:19:57,23.266666666674304
2024-11-27 00:20:02,23.266666666674304
2024-11-27 00:20:07,23.266666666674304
2024-11-27 00:20:12,23.266666666674304
2024-11-27 00:20:17,23.266666666674304
2024-11-27 00:20:22,23.479166666659335
2024-11-27 00:20:27,23.479166666659335
2024-11-27 00:20:32,23.479166666659335
2024-11-27 00:20:37,23.479166666659335
2024-11-27 00:20:42,23.479166666659335
2024-11-27 00:20:47,23.479166666659335
2024-11-27 00:20:52,23.479166666659335
2024-11-27 00:20:57,23.479166666659335
2024-11-27 00:21:02,23.479166666659335
2024-11-27 00:21:07,23.479166666659335
2024-11-27 00:21:12,23.479166666659335
2024-11-27 00:21:17,23.479166666659335
2024-11-27 00:21:22,23.283333333344558
2024-11-27 00:21:27,23.283333333344558
2024-11-27 00:21:32,23.283333333344558
2024-11-27 00:21:37,23.283333333344558
2024-11-27 00:21:42,23.283333333344558
2024-11-27 00:21:47,23.283333333344558
2024-11-27 00:21:52,23.283333333344558
2024-11-27 00:21:57,23.283333333344558
2024-11-27 00:22:02,23.283333333344558
2024-11-27 00:22:07,23.283333333344558
2024-11-27 00:22:12,23.283333333344558
2024-11-27 00:22:17,23.283333333344558
2024-11-27 00:22:22,23.44583333333901
2024-11-27 00:22:27,23.44583333333901
2024-11-27 00:22:32,23.44583333333901
2024-11-27 00:22:37,23.44583333333901
2024-11-27 00:22:42,23.44583333333901
2024-11-27 00:22:47,23.44583333333901
2024-11-27 00:22:52,23.44583333333901
2024-11-27 00:22:57,23.44583333333901
2024-11-27 00:23:02,23.44583333333901
2024-11-27 00:23:07,23.44583333333901
2024-11-27 00:23:12,23.44583333333901
2024-11-27 00:23:17,23.44583333333901
2024-11-27 00:23:22,23.44999999998919
2024-11-27 00:23:27,23.44999999998919
2024-11-27 00:23:32,23.44999999998919
2024-11-27 00:23:37,23.44999999998919
2024-11-27 00:23:42,23.44999999998919
2024-11-27 00:23:47,23.44999999998919
2024-11-27 00:23:52,23.44999999998919
2024-11-27 00:23:57,23.44999999998919
2024-11-27 00:24:02,23.44999999998919
2024-11-27 00:24:07,23.44999999998919
2024-11-27 00:24:12,23.44999999998919
2024-11-27 00:24:17,23.44999999998919
2024-11-27 00:24:22,22.52499999998027
2024-11-27 00:24:27,22.52499999998027
2024-11-27 00:24:32,22.52499999998027
2024-11-27 00:24:37,22.52499999998027
2024-11-27 00:24:42,22.52499999998027
2024-11-27 00:24:47,22.52499999998027
2024-11-27 00:24:52,22.52499999998027
2024-11-27 00:24:57,22.52499999998027
2024-11-27 00:25:02,22.52499999998027
2024-11-27 00:25:07,22.52499999998027
2024-11-27 00:25:12,22.52499999998027
2024-11-27 00:25:17,22.52499999998027
2024-11-27 00:25:22,22.183333333318085
2024-11-27 00:25:27,22.183333333318085
2024-11-27 00:25:32,22.183333333318085
2024-11-27 00:25:37,22.183333333318085
2024-11-27 00:25:42,22.183333333318085
2024-11-27 00:25:47,22.183333333318085
2024-11-27 00:25:52,22.183333333318085
2024-11-27 00:25:57,22.183333333318085
2024-11-27 00:26:02,22.183333333318085
2024-11-27 00:26:07,22.183333333318085
2024-11-27 00:26:12,22.183333333318085
2024-11-27 00:26:17,22.183333333318085
2024-11-27 00:26:22,21.174735315818285
2024-11-27 00:26:27,21.174735315818285
2024-11-27 00:26:32,21.174735315818285
2024-11-27 00:26:37,21.174735315818285
2024-11-27 00:26:42,21.174735315818285
2024-11-27 00:26:47,21.174735315818285
2024-11-27 00:26:52,21.174735315818285
2024-11-27 00:26:57,21.174735315818285
2024-11-27 00:27:02,21.174735315818285
2024-11-27 00:27:07,21.174735315818285
2024-11-27 00:27:12,21.174735315818285
2024-11-27 00:27:17,21.174735315818285
2024-11-27 00:27:22,20.108333333336265
2024-11-27 00:27:27,20.108333333336265
2024-11-27 00:27:32,20.108333333336265
2024-11-27 00:27:37,20.108333333336265
2024-11-27 00:27:42,20.108333333336265
2024-11-27 00:27:47,20.108333333336265
2024-11-27 00:27:52,20.108333333336265
2024-11-27 00:27:57,20.108333333336265
2024-11-27 00:28:02,20.108333333336265
2024-11-27 00:28:07,20.108333333336265
2024-11-27 00:28:12,20.108333333336265
2024-11-27 00:28:17,20.108333333336265
2024-11-27 00:28:22,19.737500000000335
2024-11-27 00:28:27,19.737500000000335
2024-11-27 00:28:32,19.737500000000335
2024-11-27 00:28:37,19.737500000000335
2024-11-27 00:28:42,19.737500000000335
2024-11-27 00:28:47,19.737500000000335
2024-11-27 00:28:52,19.737500000000335
2024-11-27 00:28:57,19.737500000000335
2024-11-27 00:29:02,19.737500000000335
2024-11-27 00:29:07,19.737500000000335
2024-11-27 00:29:12,19.737500000000335
2024-11-27 00:29:17,19.737500000000335
2024-11-27 00:29:22,19.516666666673075
2024-11-27 00:29:27,19.516666666673075
2024-11-27 00:29:32,19.516666666673075
2024-11-27 00:29:37,19.516666666673075
2024-11-27 00:29:42,19.516666666673075
2024-11-27 00:29:47,19.516666666673075
2024-11-27 00:29:52,19.516666666673075
2024-11-27 00:29:57,19.516666666673075
2024-11-27 00:30:02,19.516666666673075
2024-11-27 00:30:07,19.516666666673075
2024-11-27 00:30:12,19.516666666673075
2024-11-27 00:30:17,19.516666666673075
2024-11-27 00:30:22,20.1710854719011
2024-11-27 00:30:27,20.1710854719011
2024-11-27 00:30:32,20.1710854719011
2024-11-27 00:30:37,20.1710854719011
2024-11-27 00:30:42,20.1710854719011
2024-11-27 00:30:47,20.1710854719011
2024-11-27 00:30:52,20.1710854719011
2024-11-27 00:30:57,20.1710854719011
2024-11-27 00:31:02,20.1710854719011
2024-11-27 00:31:07,20.1710854719011
2024-11-27 00:31:12,20.1710854719011
2024-11-27 00:31:17,20.1710854719011
2024-11-27 00:31:22,20.08749999999774
2024-11-27 00:31:27,20.08749999999774
2024-11-27 00:31:32,20.08749999999774
2024-11-27 00:31:37,20.08749999999774
2024-11-27 00:31:42,20.08749999999774
2024-11-27 00:31:47,20.08749999999774
2024-11-27 00:31:52,20.08749999999774
2024-11-27 00:31:57,20.08749999999774
2024-11-27 00:32:02,20.08749999999774
2024-11-27 00:32:07,20.08749999999774
2024-11-27 00:32:12,20.08749999999774
2024-11-27 00:32:17,20.08749999999774
2024-11-27 00:32:22,20.245833333338226
2024-11-27 00:32:27,20.245833333338226
2024-11-27 00:32:32,20.245833333338226
2024-11-27 00:32:37,20.245833333338226
2024-11-27 00:32:42,20.245833333338226
2024-11-27 00:32:47,20.245833333338226
2024-11-27 00:32:52,20.245833333338226
2024-11-27 00:32:57,20.245833333338226
2024-11-27 00:33:02,20.245833333338226
2024-11-27 00:33:07,20.245833333338226
2024-11-27 00:33:12,20.245833333338226
2024-11-27 00:33:17,20.245833333338226
2024-11-27 00:33:22,20.612500000006072
2024-11-27 00:33:27,20.612500000006072
2024-11-27 00:33:32,20.612500000006072
2024-11-27 00:33:37,20.612500000006072
2024-11-27 00:33:42,20.612500000006072
2024-11-27 00:33:47,20.612500000006072
2024-11-27 00:33:52,20.612500000006072
2024-11-27 00:33:57,20.612500000006072
2024-11-27 00:34:02,20.612500000006072
2024-11-27 00:34:07,20.612500000006072
2024-11-27 00:34:12,20.612500000006072
2024-11-27 00:34:17,20.612500000006072
2024-11-27 00:34:22,20.67083333332988
2024-11-27 00:34:27,20.67083333332988
2024-11-27 00:34:32,20.67083333332988
2024-11-27 00:34:37,20.67083333332988
2024-11-27 00:34:42,20.67083333332988
2024-11-27 00:34:47,20.67083333332988
2024-11-27 00:34:52,20.67083333332988
2024-11-27 00:34:57,20.67083333332988
2024-11-27 00:35:02,20.67083333332988
2024-11-27 00:35:07,20.67083333332988
2024-11-27 00:35:12,20.67083333332988
2024-11-27 00:35:17,20.67083333332988
2024-11-27 00:35:22,20.958333333326966
2024-11-27 00:35:27,20.958333333326966
2024-11-27 00:35:32,20.958333333326966
2024-11-27 00:35:37,20.958333333326966
2024-11-27 00:35:42,20.958333333326966
2024-11-27 00:35:47,20.958333333326966
2024-11-27 00:35:52,20.958333333326966
2024-11-27 00:35:57,20.958333333326966
2024-11-27 00:36:02,20.958333333326966
2024-11-27 00:36:07,20.958333333326966
2024-11-27 00:36:12,20.958333333326966
2024-11-27 00:36:17,20.958333333326966
2024-11-27 00:36:22,20.837500000003025
2024-11-27 00:36:27,20.837500000003025
2024-11-27 00:36:32,20.837500000003025
2024-11-27 00:36:37,20.837500000003025
2024-11-27 00:36:42,20.837500000003025
2024-11-27 00:36:47,20.837500000003025
2024-11-27 00:36:52,20.837500000003025
2024-11-27 00:36:57,20.837500000003025
2024-11-27 00:37:02,20.837500000003025
2024-11-27 00:37:07,20.837500000003025
2024-11-27 00:37:12,20.837500000003025
2024-11-27 00:37:17,20.837500000003025
2024-11-27 00:37:22,20.74583333333341
2024-11-27 00:37:27,20.74583333333341
2024-11-27 00:37:32,20.74583333333341
2024-11-27 00:37:37,20.74583333333341
2024-11-27 00:37:42,20.74583333333341
2024-11-27 00:37:47,20.74583333333341
2024-11-27 00:37:52,20.74583333333341
2024-11-27 00:37:57,20.74583333333341
2024-11-27 00:38:02,20.74583333333341
2024-11-27 00:38:07,20.74583333333341
2024-11-27 00:38:12,20.74583333333341
2024-11-27 00:38:17,20.74583333333341
2024-11-27 00:38:22,20.223483238756508
2024-11-27 00:38:27,20.223483238756508
2024-11-27 00:38:32,20.223483238756508
2024-11-27 00:38:37,20.223483238756508
2024-11-27 00:38:42,20.223483238756508
2024-11-27 00:38:47,20.223483238756508
2024-11-27 00:38:52,20.223483238756508
2024-11-27 00:38:57,20.223483238756508
2024-11-27 00:39:02,20.223483238756508
2024-11-27 00:39:07,20.223483238756508
2024-11-27 00:39:12,20.223483238756508
2024-11-27 00:39:17,20.223483238756508
2024-11-27 00:39:22,20.541666666667783
2024-11-27 00:39:27,20.541666666667783
2024-11-27 00:39:32,20.541666666667783
2024-11-27 00:39:37,20.541666666667783
2024-11-27 00:39:42,20.541666666667783
2024-11-27 00:39:47,20.541666666667783
2024-11-27 00:39:52,20.541666666667783
2024-11-27 00:39:57,20.541666666667783
2024-11-27 00:40:02,20.541666666667783
2024-11-27 00:40:07,20.541666666667783
2024-11-27 00:40:12,20.541666666667783
2024-11-27 00:40:17,20.541666666667783
2024-11-27 00:40:22,21.366666666665424
2024-11-27 00:40:27,21.366666666665424
2024-11-27 00:40:32,21.366666666665424
2024-11-27 00:40:37,21.366666666665424
2024-11-27 00:40:42,21.366666666665424
2024-11-27 00:40:47,21.366666666665424
2024-11-27 00:40:52,21.366666666665424
2024-11-27 00:40:57,21.366666666665424
2024-11-27 00:41:02,21.366666666665424
2024-11-27 00:41:07,21.366666666665424
2024-11-27 00:41:12,21.366666666665424
2024-11-27 00:41:17,21.366666666665424
2024-11-27 00:41:22,21.625000000002878
2024-11-27 00:41:27,21.625000000002878
2024-11-27 00:41:32,21.625000000002878
2024-11-27 00:41:37,21.625000000002878
2024-11-27 00:41:42,21.625000000002878
2024-11-27 00:41:47,21.625000000002878
2024-11-27 00:41:52,21.625000000002878
2024-11-27 00:41:57,21.625000000002878
2024-11-27 00:42:02,21.625000000002878
2024-11-27 00:42:07,21.625000000002878
2024-11-27 00:42:12,21.625000000002878
2024-11-27 00:42:17,21.625000000002878
2024-11-27 00:42:22,22.42668200114703
2024-11-27 00:42:27,22.42668200114703
2024-11-27 00:42:32,22.42668200114703
2024-11-27 00:42:37,22.42668200114703
2024-11-27 00:42:42,22.42668200114703
2024-11-27 00:42:47,22.42668200114703
2024-11-27 00:42:52,22.42668200114703
2024-11-27 00:42:57,22.42668200114703
2024-11-27 00:43:02,22.42668200114703
2024-11-27 00:43:07,22.42668200114703
2024-11-27 00:43:12,22.42668200114703
2024-11-27 00:43:17,22.42668200114703
2024-11-27 00:43:22,22.67083333333403
2024-11-27 00:43:27,22.67083333333403
2024-11-27 00:43:32,22.67083333333403
2024-11-27 00:43:37,22.67083333333403
2024-11-27 00:43:42,22.67083333333403
2024-11-27 00:43:47,22.67083333333403
2024-11-27 00:43:52,22.67083333333403
2024-11-27 00:43:57,22.67083333333403
2024-11-27 00:44:02,22.67083333333403
2024-11-27 00:44:07,22.67083333333403
2024-11-27 00:44:12,22.67083333333403
2024-11-27 00:44:17,22.67083333333403
2024-11-27 00:44:22,22.800000000009675
2024-11-27 00:44:27,22.800000000009675
2024-11-27 00:44:32,22.800000000009675
2024-11-27 00:44:37,22.800000000009675
2024-11-27 00:44:42,22.800000000009675
2024-11-27 00:44:47,22.800000000009675
2024-11-27 00:44:52,22.800000000009675
2024-11-27 00:44:57,22.800000000009675
2024-11-27 00:45:02,22.800000000009675
2024-11-27 00:45:07,22.800000000009675
2024-11-27 00:45:12,22.800000000009675
2024-11-27 00:45:17,22.800000000009675
2024-11-27 00:45:22,30.383333333328245
2024-11-27 00:45:27,30.383333333328245
2024-11-27 00:45:32,30.383333333328245
2024-11-27 00:45:37,30.383333333328245
2024-11-27 00:45:42,30.383333333328245
2024-11-27 00:45:47,30.383333333328245
2024-11-27 00:45:52,30.383333333328245
2024-11-27 00:45:57,30.383333333328245
2024-11-27 00:46:02,30.383333333328245
2024-11-27 00:46:07,30.383333333328245
2024-11-27 00:46:12,30.383333333328245
2024-11-27 00:46:17,30.383333333328245
2024-11-27 00:46:22,43.52083333332862
2024-11-27 00:46:27,43.52083333332862
2024-11-27 00:46:32,43.52083333332862
2024-11-27 00:46:37,43.52083333332862
2024-11-27 00:46:42,43.52083333332862
2024-11-27 00:46:47,43.52083333332862
2024-11-27 00:46:52,43.52083333332862
2024-11-27 00:46:57,43.52083333332862
2024-11-27 00:47:02,43.52083333332862
2024-11-27 00:47:07,43.52083333332862
2024-11-27 00:47:12,43.52083333332862
2024-11-27 00:47:17,43.52083333332862
2024-11-27 00:47:22,59.104166666674864
2024-11-27 00:47:27,59.104166666674864
2024-11-27 00:47:32,59.104166666674864
2024-11-27 00:47:37,59.104166666674864
2024-11-27 00:47:42,59.104166666674864
2024-11-27 00:47:47,59.104166666674864
2024-11-27 00:47:52,59.104166666674864
2024-11-27 00:47:57,59.104166666674864
2024-11-27 00:48:02,59.104166666674864
2024-11-27 00:48:07,59.104166666674864
2024-11-27 00:48:12,59.104166666674864
2024-11-27 00:48:17,59.104166666674864
2024-11-27 00:48:22,72.22083333334136
2024-11-27 00:48:27,72.22083333334136
2024-11-27 00:48:32,72.22083333334136
2024-11-27 00:48:37,72.22083333334136
2024-11-27 00:48:42,72.22083333334136
2024-11-27 00:48:47,72.22083333334136
2024-11-27 00:48:52,72.22083333334136
2024-11-27 00:48:57,72.22083333334136
2024-11-27 00:49:02,72.22083333334136
2024-11-27 00:49:07,72.22083333334136
2024-11-27 00:49:12,72.22083333334136
2024-11-27 00:49:17,72.22083333334136
2024-11-27 00:49:22,77.97916666666538
2024-11-27 00:49:27,77.97916666666538
2024-11-27 00:49:32,77.97916666666538
2024-11-27 00:49:37,77.97916666666538
2024-11-27 00:49:42,77.97916666666538
2024-11-27 00:49:47,77.97916666666538
2024-11-27 00:49:52,77.97916666666538
2024-11-27 00:49:57,77.97916666666538
2024-11-27 00:50:02,77.97916666666538
2024-11-27 00:50:07,77.97916666666538
2024-11-27 00:50:12,77.97916666666538
2024-11-27 00:50:17,77.97916666666538
2024-11-27 00:50:22,76.8208333333293
2024-11-27 00:50:27,76.8208333333293
2024-11-27 00:50:32,76.8208333333293
2024-11-27 00:50:37,76.8208333333293
2024-11-27 00:50:42,76.8208333333293
2024-11-27 00:50:47,76.8208333333293
2024-11-27 00:50:52,76.8208333333293
2024-11-27 00:50:57,76.8208333333293
2024-11-27 00:51:02,76.8208333333293
2024-11-27 00:51:07,76.8208333333293
2024-11-27 00:51:12,76.8208333333293
2024-11-27 00:51:17,76.8208333333293
2024-11-27 00:51:22,74.94999999998537
2024-11-27 00:51:27,74.94999999998537
2024-11-27 00:51:32,74.94999999998537
2024-11-27 00:51:37,74.94999999998537
2024-11-27 00:51:42,74.94999999998537
2024-11-27 00:51:47,74.94999999998537
2024-11-27 00:51:52,74.94999999998537
2024-11-27 00:51:57,74.94999999998537
2024-11-27 00:52:02,74.94999999998537
2024-11-27 00:52:07,74.94999999998537
2024-11-27 00:52:12,74.94999999998537
2024-11-27 00:52:17,74.94999999998537
2024-11-27 00:52:22,75.46666666664748
2024-11-27 00:52:27,75.46666666664748
2024-11-27 00:52:32,75.46666666664748
2024-11-27 00:52:37,75.46666666664748
2024-11-27 00:52:42,75.46666666664748
2024-11-27 00:52:47,75.46666666664748
2024-11-27 00:52:52,75.46666666664748
2024-11-27 00:52:57,75.46666666664748
2024-11-27 00:53:02,75.46666666664748
2024-11-27 00:53:07,75.46666666664748
2024-11-27 00:53:12,75.46666666664748
2024-11-27 00:53:17,75.46666666664748
2024-11-27 00:53:22,77.55416666666586
2024-11-27 00:53:27,77.55416666666586
2024-11-27 00:53:32,77.55416666666586
2024-11-27 00:53:37,77.55416666666586
2024-11-27 00:53:42,77.55416666666586
2024-11-27 00:53:47,77.55416666666586
2024-11-27 00:53:52,77.55416666666586
2024-11-27 00:53:57,77.55416666666586
2024-11-27 00:54:02,77.55416666666586
2024-11-27 00:54:07,77.55416666666586
2024-11-27 00:54:12,77.55416666666586
2024-11-27 00:54:17,77.55416666666586
2024-11-27 00:54:22,80.80833333333022
2024-11-27 00:54:27,80.80833333333022
2024-11-27 00:54:32,80.80833333333022
2024-11-27 00:54:37,80.80833333333022
2024-11-27 00:54:42,80.80833333333022
2024-11-27 00:54:47,80.80833333333022
2024-11-27 00:54:52,80.80833333333022
2024-11-27 00:54:57,80.80833333333022
2024-11-27 00:55:02,80.80833333333022
2024-11-27 00:55:07,80.80833333333022
2024-11-27 00:55:12,80.80833333333022
2024-11-27 00:55:17,80.80833333333022
2024-11-27 00:55:22,82.05000000000278
2024-11-27 00:55:27,82.05000000000278
2024-11-27 00:55:32,82.05000000000278
2024-11-27 00:55:37,82.05000000000278
2024-11-27 00:55:42,82.05000000000278
2024-11-27 00:55:47,82.05000000000278
2024-11-27 00:55:52,82.05000000000278
2024-11-27 00:55:57,82.05000000000278
2024-11-27 00:56:02,82.05000000000278
2024-11-27 00:56:07,82.05000000000278
2024-11-27 00:56:12,82.05000000000278
2024-11-27 00:56:17,82.05000000000278
2024-11-27 00:56:22,82.41250000001448
2024-11-27 00:56:27,82.41250000001448
2024-11-27 00:56:32,82.41250000001448
2024-11-27 00:56:37,82.41250000001448
2024-11-27 00:56:42,82.41250000001448
2024-11-27 00:56:47,82.41250000001448
2024-11-27 00:56:52,82.41250000001448
2024-11-27 00:56:57,82.41250000001448
2024-11-27 00:57:02,82.41250000001448
2024-11-27 00:57:07,82.41250000001448
2024-11-27 00:57:12,82.41250000001448
2024-11-27 00:57:17,82.41250000001448
2024-11-27 00:57:22,81.29166666665441
2024-11-27 00:57:27,81.29166666665441
2024-11-27 00:57:32,81.29166666665441
2024-11-27 00:57:37,81.29166666665441
2024-11-27 00:57:42,81.29166666665441
2024-11-27 00:57:47,81.29166666665441
2024-11-27 00:57:52,81.29166666665441
2024-11-27 00:57:57,81.29166666665441
2024-11-27 00:58:02,81.29166666665441
2024-11-27 00:58:07,81.29166666665441
2024-11-27 00:58:12,81.29166666665441
2024-11-27 00:58:17,81.29166666665441
2024-11-27 00:58:22,79.72083333334817
2024-11-27 00:58:27,79.72083333334817
2024-11-27 00:58:32,79.72083333334817
2024-11-27 00:58:37,79.72083333334817
2024-11-27 00:58:42,79.72083333334817
2024-11-27 00:58:47,79.72083333334817
2024-11-27 00:58:52,79.72083333334817
2024-11-27 00:58:57,79.72083333334817
2024-11-27 00:59:02,79.72083333334817
2024-11-27 00:59:07,79.72083333334817
2024-11-27 00:59:12,79.72083333334817
2024-11-27 00:59:17,79.72083333334817
2024-11-27 00:59:22,79.40416666666181
2024-11-27 00:59:27,79.40416666666181
2024-11-27 00:59:32,79.40416666666181
2024-11-27 00:59:37,79.40416666666181
2024-11-27 00:59:42,79.40416666666181
2024-11-27 00:59:47,79.40416666666181
2024-11-27 00:59:52,79.40416666666181
2024-11-27 00:59:57,79.40416666666181
2024-11-27 01:00:02,79.40416666666181
2024-11-27 01:00:07,79.40416666666181
2024-11-27 01:00:12,79.40416666666181
2024-11-27 01:00:17,79.40416666666181
2024-11-27 01:00:22,76.19583333331889
2024-11-27 01:00:27,76.19583333331889
2024-11-27 01:00:32,76.19583333331889
2024-11-27 01:00:37,76.19583333331889
2024-11-27 01:00:42,76.19583333331889
2024-11-27 01:00:47,76.19583333331889
2024-11-27 01:00:52,76.19583333331889
2024-11-27 01:00:57,76.19583333331889
2024-11-27 01:01:02,76.19583333331889
2024-11-27 01:01:07,76.19583333331889
2024-11-27 01:01:12,76.19583333331889
2024-11-27 01:01:17,76.19583333331889
2024-11-27 01:01:22,68.08333333334417
2024-11-27 01:01:27,68.08333333334417
2024-11-27 01:01:32,68.08333333334417
2024-11-27 01:01:37,68.08333333334417
2024-11-27 01:01:42,68.08333333334417
2024-11-27 01:01:47,68.08333333334417
2024-11-27 01:01:52,68.08333333334417
2024-11-27 01:01:57,68.08333333334417
2024-11-27 01:02:02,68.08333333334417
2024-11-27 01:02:07,68.08333333334417
2024-11-27 01:02:12,68.08333333334417
2024-11-27 01:02:17,68.08333333334417
2024-11-27 01:02:22,65.93333333333732
2024-11-27 01:02:27,65.93333333333732
2024-11-27 01:02:32,65.93333333333732
2024-11-27 01:02:37,65.93333333333732
2024-11-27 01:02:42,65.93333333333732
2024-11-27 01:02:47,65.93333333333732
2024-11-27 01:02:52,65.93333333333732
2024-11-27 01:02:57,65.93333333333732
2024-11-27 01:03:02,65.93333333333732
2024-11-27 01:03:07,65.93333333333732
2024-11-27 01:03:12,65.93333333333732
2024-11-27 01:03:17,65.93333333333732
2024-11-27 01:03:22,66.74583333333459
2024-11-27 01:03:27,66.74583333333459
2024-11-27 01:03:32,66.74583333333459
2024-11-27 01:03:37,66.74583333333459
2024-11-27 01:03:42,66.74583333333459
2024-11-27 01:03:47,66.74583333333459
2024-11-27 01:03:52,66.74583333333459
2024-11-27 01:03:57,66.74583333333459
2024-11-27 01:04:02,66.74583333333459
2024-11-27 01:04:07,66.74583333333459
2024-11-27 01:04:12,66.74583333333459
2024-11-27 01:04:17,66.74583333333459
2024-11-27 01:04:22,70.02858309514731
2024-11-27 01:04:27,70.02858309514731
2024-11-27 01:04:32,70.02858309514731
2024-11-27 01:04:37,70.02858309514731
2024-11-27 01:04:42,70.02858309514731
2024-11-27 01:04:47,70.02858309514731
2024-11-27 01:04:52,70.02858309514731
2024-11-27 01:04:57,70.02858309514731
2024-11-27 01:05:02,70.02858309514731
2024-11-27 01:05:07,70.02858309514728
2024-11-27 01:05:12,70.02858309514728
2024-11-27 01:05:17,70.02858309514728
2024-11-27 01:05:22,78.50416666667853
2024-11-27 01:05:27,78.50416666667853
2024-11-27 01:05:32,78.50416666667853
2024-11-27 01:05:37,78.50416666667853
2024-11-27 01:05:42,78.50416666667853
2024-11-27 01:05:47,78.50416666667853
2024-11-27 01:05:52,78.50416666667853
2024-11-27 01:05:57,78.50416666667853
2024-11-27 01:06:02,78.50416666667853
2024-11-27 01:06:07,78.50416666667853
2024-11-27 01:06:12,78.50416666667853
2024-11-27 01:06:17,78.50416666667853
2024-11-27 01:06:22,78.11666666665047
2024-11-27 01:06:27,78.11666666665047
2024-11-27 01:06:32,78.11666666665047
2024-11-27 01:06:37,78.11666666665047
2024-11-27 01:06:42,78.11666666665047
2024-11-27 01:06:47,78.11666666665047
2024-11-27 01:06:52,78.11666666665047
2024-11-27 01:06:57,78.11666666665047
2024-11-27 01:07:02,78.11666666665047
2024-11-27 01:07:07,78.11666666665047
2024-11-27 01:07:12,78.11666666665047
2024-11-27 01:07:17,78.11666666665047
2024-11-27 01:07:22,66.23750000000096
2024-11-27 01:07:27,66.23750000000096
2024-11-27 01:07:32,66.23750000000096
2024-11-27 01:07:37,66.23750000000096
2024-11-27 01:07:42,66.23750000000096
2024-11-27 01:07:47,66.23750000000096
2024-11-27 01:07:52,66.23750000000096
2024-11-27 01:07:57,66.23750000000096
2024-11-27 01:08:02,66.23750000000096
2024-11-27 01:08:07,66.23750000000096
2024-11-27 01:08:12,66.23750000000096
2024-11-27 01:08:17,66.23750000000096
2024-11-27 01:08:22,61.946349552911826
2024-11-27 01:08:27,61.946349552911826
2024-11-27 01:08:32,61.946349552911826
2024-11-27 01:08:37,61.946349552911826
2024-11-27 01:08:42,61.946349552911826
2024-11-27 01:08:47,61.946349552911826
2024-11-27 01:08:52,61.946349552911826
2024-11-27 01:08:57,61.946349552911826
2024-11-27 01:09:02,61.946349552911826
2024-11-27 01:09:07,61.946349552911826
2024-11-27 01:09:12,61.946349552911826
2024-11-27 01:09:17,61.946349552911826
2024-11-27 01:09:22,59.69583333333228
2024-11-27 01:09:27,59.69583333333228
2024-11-27 01:09:32,59.69583333333228
2024-11-27 01:09:37,59.69583333333228
2024-11-27 01:09:42,59.69583333333228
2024-11-27 01:09:47,59.69583333333228
2024-11-27 01:09:52,59.69583333333228
2024-11-27 01:09:57,59.69583333333228
2024-11-27 01:10:02,59.69583333333228
2024-11-27 01:10:07,59.69583333333228
2024-11-27 01:10:12,59.69583333333228
2024-11-27 01:10:17,59.69583333333228
2024-11-27 01:10:22,57.566666666669164
2024-11-27 01:10:27,57.566666666669164
2024-11-27 01:10:32,57.566666666669164
2024-11-27 01:10:37,57.566666666669164
2024-11-27 01:10:42,57.566666666669164
2024-11-27 01:10:47,57.566666666669164
2024-11-27 01:10:52,57.566666666669164
2024-11-27 01:10:57,57.566666666669164
2024-11-27 01:11:02,57.566666666669164
2024-11-27 01:11:07,57.566666666669164
2024-11-27 01:11:12,57.566666666669164
2024-11-27 01:11:17,57.566666666669164
2024-11-27 01:11:22,56.60000000001389
2024-11-27 01:11:27,56.60000000001389
2024-11-27 01:11:32,56.60000000001389
2024-11-27 01:11:37,56.60000000001389
2024-11-27 01:11:42,56.60000000001389
2024-11-27 01:11:47,56.60000000001389
2024-11-27 01:11:52,56.60000000001389
2024-11-27 01:11:57,56.60000000001389
2024-11-27 01:12:02,56.60000000001389
2024-11-27 01:12:07,56.60000000001389
2024-11-27 01:12:12,56.60000000001389
2024-11-27 01:12:17,56.60000000001389
2024-11-27 01:12:22,46.0999999999972
2024-11-27 01:12:27,46.0999999999972
2024-11-27 01:12:32,46.0999999999972
2024-11-27 01:12:37,46.0999999999972
2024-11-27 01:12:42,46.0999999999972
2024-11-27 01:12:47,46.0999999999972
2024-11-27 01:12:52,46.0999999999972
2024-11-27 01:12:57,46.0999999999972
2024-11-27 01:13:02,46.0999999999972
2024-11-27 01:13:07,46.0999999999972
2024-11-27 01:13:12,46.0999999999972
2024-11-27 01:13:17,46.0999999999972
2024-11-27 01:13:22,33.11666666665549
2024-11-27 01:13:27,33.11666666665549
2024-11-27 01:13:32,33.11666666665549
2024-11-27 01:13:37,33.11666666665549
2024-11-27 01:13:42,33.11666666665549
2024-11-27 01:13:47,33.11666666665549
2024-11-27 01:13:52,33.11666666665549
2024-11-27 01:13:57,33.11666666665549
2024-11-27 01:14:02,33.11666666665549
2024-11-27 01:14:07,33.11666666665549
2024-11-27 01:14:12,33.11666666665549
2024-11-27 01:14:17,33.11666666665549
2024-11-27 01:14:22,23.379166666664258
2024-11-27 01:14:27,23.379166666664258
2024-11-27 01:14:32,23.379166666664258
2024-11-27 01:14:37,23.379166666664258
2024-11-27 01:14:42,23.379166666664258
2024-11-27 01:14:47,23.379166666664258
2024-11-27 01:14:52,23.379166666664258
2024-11-27 01:14:57,23.379166666664258
2024-11-27 01:15:02,23.379166666664258
2024-11-27 01:15:07,23.379166666664258
2024-11-27 01:15:12,23.379166666664258
2024-11-27 01:15:17,23.379166666664258
2024-11-27 01:15:22,21.18705860293863
2024-11-27 01:15:27,21.18705860293863
2024-11-27 01:15:32,21.18705860293863
2024-11-27 01:15:37,21.18705860293863
2024-11-27 01:15:42,21.18705860293863
2024-11-27 01:15:47,21.18705860293863
2024-11-27 01:15:52,21.18705860293863
2024-11-27 01:15:57,21.18705860293863
2024-11-27 01:16:02,21.18705860293863
2024-11-27 01:16:07,21.18705860293863
2024-11-27 01:16:12,21.18705860293863
2024-11-27 01:16:17,21.18705860293863
2024-11-27 01:16:22,23.375000000000814
2024-11-27 01:16:27,23.375000000000814
2024-11-27 01:16:32,23.375000000000814
2024-11-27 01:16:37,23.375000000000814
2024-11-27 01:16:42,23.375000000000814
2024-11-27 01:16:47,23.375000000000814
2024-11-27 01:16:52,23.375000000000814
2024-11-27 01:16:57,23.375000000000814
2024-11-27 01:17:02,23.375000000000814
2024-11-27 01:17:07,23.375000000000814
2024-11-27 01:17:12,23.375000000000814
2024-11-27 01:17:17,23.375000000000814
2024-11-27 01:17:22,25.70416666667294
2024-11-27 01:17:27,25.70416666667294
2024-11-27 01:17:32,25.70416666667294
2024-11-27 01:17:37,25.70416666667294
2024-11-27 01:17:42,25.70416666667294
2024-11-27 01:17:47,25.70416666667294
2024-11-27 01:17:52,25.70416666667294
2024-11-27 01:17:57,25.70416666667294
2024-11-27 01:18:02,25.70416666667294
2024-11-27 01:18:07,25.70416666667294
2024-11-27 01:18:12,25.70416666667294
2024-11-27 01:18:17,25.70416666667294
2024-11-27 01:18:22,27.60000000000815
2024-11-27 01:18:27,27.60000000000815
2024-11-27 01:18:32,27.60000000000815
2024-11-27 01:18:37,27.60000000000815
2024-11-27 01:18:42,27.60000000000815
2024-11-27 01:18:47,27.60000000000815
2024-11-27 01:18:52,27.60000000000815
2024-11-27 01:18:57,27.60000000000815
2024-11-27 01:19:02,27.60000000000815
2024-11-27 01:19:07,27.60000000000815
2024-11-27 01:19:12,27.60000000000815
2024-11-27 01:19:17,27.60000000000815
2024-11-27 01:19:22,29.104773016103238
2024-11-27 01:19:27,29.104773016103238
2024-11-27 01:19:32,29.104773016103238
2024-11-27 01:19:37,29.104773016103238
2024-11-27 01:19:42,29.104773016103238
2024-11-27 01:19:47,29.104773016103238
2024-11-27 01:19:52,29.104773016103238
2024-11-27 01:19:57,29.104773016103238
2024-11-27 01:20:02,29.104773016103238
2024-11-27 01:20:07,29.104773016103238
2024-11-27 01:20:12,29.104773016103238
2024-11-27 01:20:17,29.104773016103238
2024-11-27 01:20:22,28.883333333342208
2024-11-27 01:20:27,28.883333333342208
2024-11-27 01:20:32,28.883333333342208
2024-11-27 01:20:37,28.883333333342208
2024-11-27 01:20:42,28.883333333342208
2024-11-27 01:20:47,28.883333333342208
2024-11-27 01:20:52,28.883333333342208
2024-11-27 01:20:57,28.883333333342208
2024-11-27 01:21:02,28.883333333342208
2024-11-27 01:21:07,28.883333333342208
2024-11-27 01:21:12,28.883333333342208
2024-11-27 01:21:17,28.883333333342208
2024-11-27 01:21:22,27.54166666666123
2024-11-27 01:21:27,27.54166666666123
2024-11-27 01:21:32,27.54166666666123
2024-11-27 01:21:37,27.54166666666123
2024-11-27 01:21:42,27.54166666666123
2024-11-27 01:21:47,27.54166666666123
2024-11-27 01:21:52,27.54166666666123
2024-11-27 01:21:57,27.54166666666123
2024-11-27 01:22:02,27.54166666666123
2024-11-27 01:22:07,27.54166666666123
2024-11-27 01:22:12,27.54166666666123
2024-11-27 01:22:17,27.54166666666123
2024-11-27 01:22:22,26.049999999990142
2024-11-27 01:22:27,26.049999999990142
2024-11-27 01:22:32,26.049999999990142
2024-11-27 01:22:37,26.049999999990142
2024-11-27 01:22:42,26.049999999990142
2024-11-27 01:22:47,26.049999999990142
2024-11-27 01:22:52,26.049999999990142
2024-11-27 01:22:57,26.049999999990142
2024-11-27 01:23:02,26.049999999990142
2024-11-27 01:23:07,26.049999999990142
2024-11-27 01:23:12,26.049999999990142
2024-11-27 01:23:17,26.049999999990142
2024-11-27 01:23:22,24.179166666675087
2024-11-27 01:23:27,24.179166666675087
2024-11-27 01:23:32,24.179166666675087
2024-11-27 01:23:37,24.179166666675087
2024-11-27 01:23:42,24.179166666675087
2024-11-27 01:23:47,24.179166666675087
2024-11-27 01:23:52,24.179166666675087
2024-11-27 01:23:57,24.179166666675087
2024-11-27 01:24:02,24.179166666675087
2024-11-27 01:24:07,24.179166666675087
2024-11-27 01:24:12,24.179166666675087
2024-11-27 01:24:17,24.179166666675087
2024-11-27 01:24:22,22.941666666651674
2024-11-27 01:24:27,22.941666666651674
2024-11-27 01:24:32,22.941666666651674
2024-11-27 01:24:37,22.941666666651674
2024-11-27 01:24:42,22.941666666651674
2024-11-27 01:24:47,22.941666666651674
2024-11-27 01:24:52,22.941666666651674
2024-11-27 01:24:57,22.941666666651674
2024-11-27 01:25:02,22.941666666651674
2024-11-27 01:25:07,22.941666666651674
2024-11-27 01:25:12,22.941666666651674
2024-11-27 01:25:17,22.941666666651674
2024-11-27 01:25:22,22.604166666673866
2024-11-27 01:25:27,22.604166666673866
2024-11-27 01:25:32,22.604166666673866
2024-11-27 01:25:37,22.604166666673866
2024-11-27 01:25:42,22.604166666673866
2024-11-27 01:25:47,22.604166666673866
2024-11-27 01:25:52,22.604166666673866
2024-11-27 01:25:57,22.604166666673866
2024-11-27 01:26:02,22.604166666673866
2024-11-27 01:26:07,22.604166666673866
2024-11-27 01:26:12,22.604166666673866
2024-11-27 01:26:17,22.604166666673866
2024-11-27 01:26:22,22.629166666667498
2024-11-27 01:26:27,22.629166666667498
2024-11-27 01:26:32,22.629166666667498
2024-11-27 01:26:37,22.629166666667498
2024-11-27 01:26:42,22.629166666667498
2024-11-27 01:26:47,22.629166666667498
2024-11-27 01:26:52,22.629166666667498
2024-11-27 01:26:57,22.629166666667498
2024-11-27 01:27:02,22.629166666667498
2024-11-27 01:27:07,22.629166666667498
2024-11-27 01:27:12,22.629166666667498
2024-11-27 01:27:17,22.629166666667498
2024-11-27 01:27:22,22.729166666669016
2024-11-27 01:27:27,22.729166666669016
2024-11-27 01:27:32,22.729166666669016
2024-11-27 01:27:37,22.729166666669016
2024-11-27 01:27:42,22.729166666669016
2024-11-27 01:27:47,22.729166666669016
2024-11-27 01:27:52,22.729166666669016
2024-11-27 01:27:57,22.729166666669016
2024-11-27 01:28:02,22.729166666669016
2024-11-27 01:28:07,22.729166666669016
2024-11-27 01:28:12,22.729166666669016
2024-11-27 01:28:17,22.729166666669016
2024-11-27 01:28:22,22.40833333334507
2024-11-27 01:28:27,22.40833333334507
2024-11-27 01:28:32,22.40833333334507
2024-11-27 01:28:37,22.40833333334507
2024-11-27 01:28:42,22.40833333334507
2024-11-27 01:28:47,22.40833333334507
2024-11-27 01:28:52,22.40833333334507
2024-11-27 01:28:57,22.40833333334507
2024-11-27 01:29:02,22.40833333334507
2024-11-27 01:29:07,22.40833333334507
2024-11-27 01:29:12,22.40833333334507
2024-11-27 01:29:17,22.40833333334507
2024-11-27 01:29:22,21.804166666669193
2024-11-27 01:29:27,21.804166666669193
2024-11-27 01:29:32,21.804166666669193
2024-11-27 01:29:37,21.804166666669193
2024-11-27 01:29:42,21.804166666669193
2024-11-27 01:29:47,21.804166666669193
2024-11-27 01:29:52,21.804166666669193
2024-11-27 01:29:57,21.804166666669193
2024-11-27 01:30:02,21.804166666669193
2024-11-27 01:30:07,21.804166666669193
2024-11-27 01:30:12,21.804166666669193
2024-11-27 01:30:17,21.804166666669193
2024-11-27 01:30:22,21.80833333334874
2024-11-27 01:30:27,21.80833333334874
2024-11-27 01:30:32,21.80833333334874
2024-11-27 01:30:37,21.80833333334874
2024-11-27 01:30:42,21.80833333334874
2024-11-27 01:30:47,21.80833333334874
2024-11-27 01:30:52,21.80833333334874
2024-11-27 01:30:57,21.80833333334874
2024-11-27 01:31:02,21.80833333334874
2024-11-27 01:31:07,21.80833333334874
2024-11-27 01:31:12,21.80833333334874
2024-11-27 01:31:17,21.80833333334874
2024-11-27 01:31:22,21.46666666667092
2024-11-27 01:31:27,21.46666666667092
2024-11-27 01:31:32,21.46666666667092
2024-11-27 01:31:37,21.46666666667092
2024-11-27 01:31:42,21.46666666667092
2024-11-27 01:31:47,21.46666666667092
2024-11-27 01:31:52,21.46666666667092
2024-11-27 01:31:57,21.46666666667092
2024-11-27 01:32:02,21.46666666667092
2024-11-27 01:32:07,21.46666666667092
2024-11-27 01:32:12,21.46666666667092
2024-11-27 01:32:17,21.46666666667092
2024-11-27 01:32:22,21.512500000005826
2024-11-27 01:32:27,21.512500000005826
2024-11-27 01:32:32,21.512500000005826
2024-11-27 01:32:37,21.512500000005826
2024-11-27 01:32:42,21.512500000005826
2024-11-27 01:32:47,21.512500000005826
2024-11-27 01:32:52,21.512500000005826
2024-11-27 01:32:57,21.512500000005826
2024-11-27 01:33:02,21.512500000005826
2024-11-27 01:33:07,21.512500000005826
2024-11-27 01:33:12,21.512500000005826
2024-11-27 01:33:17,21.512500000005826
2024-11-27 01:33:22,21.658333333337698
2024-11-27 01:33:27,21.658333333337698
2024-11-27 01:33:32,21.658333333337698
2024-11-27 01:33:37,21.658333333337698
2024-11-27 01:33:42,21.658333333337698
2024-11-27 01:33:47,21.658333333337698
2024-11-27 01:33:52,21.658333333337698
2024-11-27 01:33:57,21.658333333337698
2024-11-27 01:34:02,21.658333333337698
2024-11-27 01:34:07,21.658333333337698
2024-11-27 01:34:12,21.658333333337698
2024-11-27 01:34:17,21.658333333337698
2024-11-27 01:34:22,21.67500000000113
2024-11-27 01:34:27,21.67500000000113
2024-11-27 01:34:32,21.67500000000113
2024-11-27 01:34:37,21.67500000000113
2024-11-27 01:34:42,21.67500000000113
2024-11-27 01:34:47,21.67500000000113
2024-11-27 01:34:52,21.67500000000113
2024-11-27 01:34:57,21.67500000000113
2024-11-27 01:35:02,21.67500000000113
2024-11-27 01:35:07,21.67500000000113
2024-11-27 01:35:12,21.67500000000113
2024-11-27 01:35:17,21.67500000000113
2024-11-27 01:35:22,21.62083333333385
2024-11-27 01:35:27,21.62083333333385
2024-11-27 01:35:32,21.62083333333385
2024-11-27 01:35:37,21.62083333333385
2024-11-27 01:35:42,21.62083333333385
2024-11-27 01:35:47,21.62083333333385
2024-11-27 01:35:52,21.62083333333385
2024-11-27 01:35:57,21.62083333333385
2024-11-27 01:36:02,21.62083333333385
2024-11-27 01:36:07,21.62083333333385
2024-11-27 01:36:12,21.62083333333385
2024-11-27 01:36:17,21.62083333333385
2024-11-27 01:36:22,21.712500000004884
2024-11-27 01:36:27,21.712500000004884
2024-11-27 01:36:32,21.712500000004884
2024-11-27 01:36:37,21.712500000004884
2024-11-27 01:36:42,21.712500000004884
2024-11-27 01:36:47,21.712500000004884
2024-11-27 01:36:52,21.712500000004884
2024-11-27 01:36:57,21.712500000004884
2024-11-27 01:37:02,21.712500000004884
2024-11-27 01:37:07,21.712500000004884
2024-11-27 01:37:12,21.712500000004884
2024-11-27 01:37:17,21.712500000004884
2024-11-27 01:37:22,22.283333333314395
2024-11-27 01:37:27,22.283333333314395
2024-11-27 01:37:32,22.283333333314395
2024-11-27 01:37:37,22.283333333314395
2024-11-27 01:37:42,22.283333333314395
2024-11-27 01:37:47,22.283333333314395
2024-11-27 01:37:52,22.283333333314395
2024-11-27 01:37:57,22.283333333314395
2024-11-27 01:38:02,22.283333333314395
2024-11-27 01:38:07,22.283333333314395
2024-11-27 01:38:12,22.283333333314395
2024-11-27 01:38:17,22.283333333314395
2024-11-27 01:38:22,22.174999999978695
2024-11-27 01:38:27,22.174999999978695
2024-11-27 01:38:32,22.174999999978695
2024-11-27 01:38:37,22.174999999978695
2024-11-27 01:38:42,22.174999999978695
2024-11-27 01:38:47,22.174999999978695
2024-11-27 01:38:52,22.174999999978695
2024-11-27 01:38:57,22.174999999978695
2024-11-27 01:39:02,22.174999999978695
2024-11-27 01:39:07,22.174999999978695
2024-11-27 01:39:12,22.174999999978695
2024-11-27 01:39:17,22.174999999978695
2024-11-27 01:39:22,22.387499999989966
2024-11-27 01:39:27,22.387499999989966
2024-11-27 01:39:32,22.387499999989966
2024-11-27 01:39:37,22.387499999989966
2024-11-27 01:39:42,22.387499999989966
2024-11-27 01:39:47,22.387499999989966
2024-11-27 01:39:52,22.387499999989966
2024-11-27 01:39:57,22.387499999989966
2024-11-27 01:40:02,22.387499999989966
2024-11-27 01:40:07,22.387499999989966
2024-11-27 01:40:12,22.387499999989966
2024-11-27 01:40:17,22.387499999989966
2024-11-27 01:40:22,22.479166666651906
2024-11-27 01:40:27,22.479166666651906
2024-11-27 01:40:32,22.479166666651906
2024-11-27 01:40:37,22.479166666651906
2024-11-27 01:40:42,22.479166666651906
2024-11-27 01:40:47,22.479166666651906
2024-11-27 01:40:52,22.479166666651906
2024-11-27 01:40:57,22.479166666651906
2024-11-27 01:41:02,22.479166666651906
2024-11-27 01:41:07,22.479166666651906
2024-11-27 01:41:12,22.479166666651906
2024-11-27 01:41:17,22.479166666651906
2024-11-27 01:41:22,22.566666666677783
2024-11-27 01:41:27,22.566666666677783
2024-11-27 01:41:32,22.566666666677783
2024-11-27 01:41:37,22.566666666677783
2024-11-27 01:41:42,22.566666666677783
2024-11-27 01:41:47,22.566666666677783
2024-11-27 01:41:52,22.566666666677783
2024-11-27 01:41:57,22.566666666677783
2024-11-27 01:42:02,22.566666666677783
2024-11-27 01:42:07,22.566666666677783
2024-11-27 01:42:12,22.566666666677783
2024-11-27 01:42:17,22.566666666677783
2024-11-27 01:42:22,23.312500000019725
2024-11-27 01:42:27,23.312500000019725
2024-11-27 01:42:32,23.312500000019725
2024-11-27 01:42:37,23.312500000019725
2024-11-27 01:42:42,23.312500000019725
2024-11-27 01:42:47,23.312500000019725
2024-11-27 01:42:52,23.312500000019725
2024-11-27 01:42:57,23.312500000019725
2024-11-27 01:43:02,23.312500000019725
2024-11-27 01:43:07,23.312500000019725
2024-11-27 01:43:12,23.312500000019725
2024-11-27 01:43:17,23.312500000019725
2024-11-27 01:43:22,23.854166666667425
2024-11-27 01:43:27,23.854166666667425
2024-11-27 01:43:32,23.854166666667425
2024-11-27 01:43:37,23.854166666667425
2024-11-27 01:43:42,23.854166666667425
2024-11-27 01:43:47,23.854166666667425
2024-11-27 01:43:52,23.854166666667425
2024-11-27 01:43:57,23.854166666667425
2024-11-27 01:44:02,23.854166666667425
2024-11-27 01:44:07,23.854166666667425
2024-11-27 01:44:12,23.854166666667425
2024-11-27 01:44:17,23.854166666667425
2024-11-27 01:44:22,30.716666666661848
2024-11-27 01:44:27,30.716666666661848
2024-11-27 01:44:32,30.716666666661848
2024-11-27 01:44:37,30.716666666661848
2024-11-27 01:44:42,30.716666666661848
2024-11-27 01:44:47,30.716666666661848
2024-11-27 01:44:52,30.716666666661848
2024-11-27 01:44:57,30.716666666661848
2024-11-27 01:45:02,30.716666666661848
2024-11-27 01:45:07,30.716666666661848
2024-11-27 01:45:12,30.716666666661848
2024-11-27 01:45:17,30.716666666661848
2024-11-27 01:45:22,43.86250000000349
2024-11-27 01:45:27,43.86250000000349
2024-11-27 01:45:32,43.86250000000349
2024-11-27 01:45:37,43.86250000000349
2024-11-27 01:45:42,43.86250000000349
2024-11-27 01:45:47,43.86250000000349
2024-11-27 01:45:52,43.86250000000349
2024-11-27 01:45:57,43.86250000000349
2024-11-27 01:46:02,43.86250000000349
2024-11-27 01:46:07,43.86250000000349
2024-11-27 01:46:12,43.86250000000349
2024-11-27 01:46:17,43.86250000000349
2024-11-27 01:46:22,57.491666666666966
2024-11-27 01:46:27,57.491666666666966
2024-11-27 01:46:32,57.491666666666966
2024-11-27 01:46:37,57.491666666666966
2024-11-27 01:46:42,57.491666666666966
2024-11-27 01:46:47,57.491666666666966
2024-11-27 01:46:52,57.491666666666966
2024-11-27 01:46:57,57.491666666666966
2024-11-27 01:47:02,57.491666666666966
2024-11-27 01:47:07,57.491666666666966
2024-11-27 01:47:12,57.491666666666966
2024-11-27 01:47:17,57.491666666666966
2024-11-27 01:47:22,69.87083333332635
2024-11-27 01:47:27,69.87083333332635
2024-11-27 01:47:32,69.87083333332635
2024-11-27 01:47:37,69.87083333332635
2024-11-27 01:47:42,69.87083333332635
2024-11-27 01:47:47,69.87083333332635
2024-11-27 01:47:52,69.87083333332635
2024-11-27 01:47:57,69.87083333332635
2024-11-27 01:48:02,69.87083333332635
2024-11-27 01:48:07,69.87083333332635
2024-11-27 01:48:12,69.87083333332635
2024-11-27 01:48:17,69.87083333332635
2024-11-27 01:48:22,74.77500000000465
2024-11-27 01:48:27,74.77500000000465
2024-11-27 01:48:32,74.77500000000465
2024-11-27 01:48:37,74.77500000000465
2024-11-27 01:48:42,74.77500000000465
2024-11-27 01:48:47,74.77500000000465
2024-11-27 01:48:52,74.77500000000465
2024-11-27 01:48:57,74.77500000000465
2024-11-27 01:49:02,74.77500000000465
2024-11-27 01:49:07,74.77500000000465
2024-11-27 01:49:12,74.77500000000465
2024-11-27 01:49:17,74.77500000000465
2024-11-27 01:49:22,72.51666666665301
2024-11-27 01:49:27,72.51666666665301
2024-11-27 01:49:32,72.51666666665301
2024-11-27 01:49:37,72.51666666665301
2024-11-27 01:49:42,72.51666666665301
2024-11-27 01:49:47,72.51666666665301
2024-11-27 01:49:52,72.51666666665301
2024-11-27 01:49:57,72.51666666665301
2024-11-27 01:50:02,72.51666666665301
2024-11-27 01:50:07,72.51666666665301
2024-11-27 01:50:12,72.51666666665301
2024-11-27 01:50:17,72.51666666665301
2024-11-27 01:50:22,68.42916666665246
2024-11-27 01:50:27,68.42916666665246
2024-11-27 01:50:32,68.42916666665246
2024-11-27 01:50:37,68.42916666665246
2024-11-27 01:50:42,68.42916666665246
2024-11-27 01:50:47,68.42916666665246
2024-11-27 01:50:52,68.42916666665246
2024-11-27 01:50:57,68.42916666665246
2024-11-27 01:51:02,68.42916666665246
2024-11-27 01:51:07,68.42916666665246
2024-11-27 01:51:12,68.42916666665246
2024-11-27 01:51:17,68.42916666665246
2024-11-27 01:51:22,68.40833333334909
2024-11-27 01:51:27,68.40833333334909
2024-11-27 01:51:32,68.40833333334909
2024-11-27 01:51:37,68.40833333334909
2024-11-27 01:51:42,68.40833333334909
2024-11-27 01:51:47,68.40833333334909
2024-11-27 01:51:52,68.40833333334909
2024-11-27 01:51:57,68.40833333334909
2024-11-27 01:52:02,68.40833333334909
2024-11-27 01:52:07,68.40833333334909
2024-11-27 01:52:12,68.40833333334909
2024-11-27 01:52:17,68.40833333334909
2024-11-27 01:52:22,70.82916666667302
2024-11-27 01:52:27,70.82916666667302
2024-11-27 01:52:32,70.82916666667302
2024-11-27 01:52:37,70.82916666667302
2024-11-27 01:52:42,70.82916666667302
2024-11-27 01:52:47,70.82916666667302
2024-11-27 01:52:52,70.82916666667302
2024-11-27 01:52:57,70.82916666667302
2024-11-27 01:53:02,70.82916666667302
2024-11-27 01:53:07,70.82916666667302
2024-11-27 01:53:12,70.82916666667302
2024-11-27 01:53:17,70.82916666667302
2024-11-27 01:53:22,74.12500000000799
2024-11-27 01:53:27,74.12500000000799
2024-11-27 01:53:32,74.12500000000799
2024-11-27 01:53:37,74.12500000000799
2024-11-27 01:53:42,74.12500000000799
2024-11-27 01:53:47,74.12500000000799
2024-11-27 01:53:52,74.12500000000799
2024-11-27 01:53:57,74.12500000000799
2024-11-27 01:54:02,74.12500000000799
2024-11-27 01:54:07,74.12500000000799
2024-11-27 01:54:12,74.12500000000799
2024-11-27 01:54:17,74.12500000000799
2024-11-27 01:54:22,78.97916666666532
2024-11-27 01:54:27,78.97916666666532
2024-11-27 01:54:32,78.97916666666532
2024-11-27 01:54:37,78.97916666666532
2024-11-27 01:54:42,78.97916666666532
2024-11-27 01:54:47,78.97916666666532
2024-11-27 01:54:52,78.97916666666532
2024-11-27 01:54:57,78.97916666666532
2024-11-27 01:55:02,78.97916666666532
2024-11-27 01:55:07,78.97916666666532
2024-11-27 01:55:12,78.97916666666532
2024-11-27 01:55:17,78.97916666666532
2024-11-27 01:55:22,80.23333333332762
2024-11-27 01:55:27,80.23333333332762
2024-11-27 01:55:32,80.23333333332762
2024-11-27 01:55:37,80.23333333332762
2024-11-27 01:55:42,80.23333333332762
2024-11-27 01:55:47,80.23333333332762
2024-11-27 01:55:52,80.23333333332762
2024-11-27 01:55:57,80.23333333332762
2024-11-27 01:56:02,80.23333333332762
2024-11-27 01:56:07,80.23333333332762
2024-11-27 01:56:12,80.23333333332762
2024-11-27 01:56:17,80.23333333332762
2024-11-27 01:56:22,79.96666666666509
2024-11-27 01:56:27,79.96666666666509
2024-11-27 01:56:32,79.96666666666509
2024-11-27 01:56:37,79.96666666666509
2024-11-27 01:56:42,79.96666666666509
2024-11-27 01:56:47,79.96666666666509
2024-11-27 01:56:52,79.96666666666509
2024-11-27 01:56:57,79.96666666666509
2024-11-27 01:57:02,79.96666666666509
2024-11-27 01:57:07,79.96666666666509
2024-11-27 01:57:12,79.96666666666509
2024-11-27 01:57:17,79.96666666666509
2024-11-27 01:57:22,80.19583333333817
2024-11-27 01:57:27,80.19583333333817
2024-11-27 01:57:32,80.19583333333817
2024-11-27 01:57:37,80.19583333333817
2024-11-27 01:57:42,80.19583333333817
2024-11-27 01:57:47,80.19583333333817
2024-11-27 01:57:52,80.19583333333817
2024-11-27 01:57:57,80.19583333333817
2024-11-27 01:58:02,80.19583333333817
2024-11-27 01:58:07,80.19583333333817
2024-11-27 01:58:12,80.19583333333817
2024-11-27 01:58:17,80.19583333333817
2024-11-27 01:58:22,80.53333333334714
2024-11-27 01:58:27,80.53333333334714
2024-11-27 01:58:32,80.53333333334714
2024-11-27 01:58:37,80.53333333334714
2024-11-27 01:58:42,80.53333333334714
2024-11-27 01:58:47,80.53333333334714
2024-11-27 01:58:52,80.53333333334714
2024-11-27 01:58:57,80.53333333334714
2024-11-27 01:59:02,80.53333333334714
2024-11-27 01:59:07,80.53333333334714
2024-11-27 01:59:12,80.53333333334714
2024-11-27 01:59:17,80.53333333334714
2024-11-27 01:59:22,81.34166666665264
2024-11-27 01:59:27,81.34166666665264
2024-11-27 01:59:32,81.34166666665264
2024-11-27 01:59:37,81.34166666665264
2024-11-27 01:59:42,81.34166666665264
2024-11-27 01:59:47,81.34166666665264
2024-11-27 01:59:52,81.34166666665264
2024-11-27 01:59:57,81.34166666665264
2024-11-27 02:00:02,81.34166666665264
2024-11-27 02:00:07,81.34166666665264
2024-11-27 02:00:12,81.34166666665264
2024-11-27 02:00:17,81.34166666665264
2024-11-27 02:00:22,82.02916666667363
2024-11-27 02:00:27,82.02916666667363
2024-11-27 02:00:32,82.02916666667363
2024-11-27 02:00:37,82.02916666667363
2024-11-27 02:00:42,82.02916666667363
2024-11-27 02:00:47,82.02916666667363
2024-11-27 02:00:52,82.02916666667363
2024-11-27 02:00:57,82.02916666667363
2024-11-27 02:01:02,82.02916666667363
2024-11-27 02:01:07,82.02916666667363
2024-11-27 02:01:12,82.02916666667363
2024-11-27 02:01:17,82.02916666667363
2024-11-27 02:01:22,81.96666666667237
2024-11-27 02:01:27,81.96666666667237
2024-11-27 02:01:32,81.96666666667237
2024-11-27 02:01:37,81.96666666667237
2024-11-27 02:01:42,81.96666666667237
2024-11-27 02:01:47,81.96666666667237
2024-11-27 02:01:52,81.96666666667237
2024-11-27 02:01:57,81.96666666667237
2024-11-27 02:02:02,81.96666666667237
2024-11-27 02:02:07,81.96666666667237
2024-11-27 02:02:12,81.96666666667237
2024-11-27 02:02:17,81.96666666667237
2024-11-27 02:02:22,82.30833333331532
2024-11-27 02:02:27,82.30833333331532
2024-11-27 02:02:32,82.30833333331532
2024-11-27 02:02:37,82.30833333331532
2024-11-27 02:02:42,82.30833333331532
2024-11-27 02:02:47,82.30833333331532
2024-11-27 02:02:52,82.30833333331532
2024-11-27 02:02:57,82.30833333331532
2024-11-27 02:03:02,82.30833333331532
2024-11-27 02:03:07,82.30833333331532
2024-11-27 02:03:12,82.30833333331532
2024-11-27 02:03:17,82.30833333331532
2024-11-27 02:03:22,82.60347830434276
2024-11-27 02:03:27,82.60347830434276
2024-11-27 02:03:32,82.60347830434276
2024-11-27 02:03:37,82.60347830434276
2024-11-27 02:03:42,82.60347830434276
2024-11-27 02:03:47,82.60347830434276
2024-11-27 02:03:52,82.60347830434276
2024-11-27 02:03:57,82.60347830434276
2024-11-27 02:04:02,82.60347830434276
2024-11-27 02:04:07,82.60347830434273
2024-11-27 02:04:12,82.60347830434273
2024-11-27 02:04:17,82.60347830434273
2024-11-27 02:04:22,80.04583333332992
2024-11-27 02:04:27,80.04583333332992
2024-11-27 02:04:32,80.04583333332992
2024-11-27 02:04:37,80.04583333332992
2024-11-27 02:04:42,80.04583333332992
2024-11-27 02:04:47,80.04583333332992
2024-11-27 02:04:52,80.04583333332992
2024-11-27 02:04:57,80.04583333332992
2024-11-27 02:05:02,80.04583333332992
2024-11-27 02:05:07,80.04583333332992
2024-11-27 02:05:12,80.04583333332992
2024-11-27 02:05:17,80.04583333332992
2024-11-27 02:05:22,80.66249999999717
2024-11-27 02:05:27,80.66249999999717
2024-11-27 02:05:32,80.66249999999717
2024-11-27 02:05:37,80.66249999999717
2024-11-27 02:05:42,80.66249999999717
2024-11-27 02:05:47,80.66249999999717
2024-11-27 02:05:52,80.66249999999717
2024-11-27 02:05:57,80.66249999999717
2024-11-27 02:06:02,80.66249999999717
2024-11-27 02:06:07,80.66249999999717
2024-11-27 02:06:12,80.66249999999717
2024-11-27 02:06:17,80.66249999999717
2024-11-27 02:06:22,79.93750000000304
2024-11-27 02:06:27,79.93750000000304
2024-11-27 02:06:32,79.93750000000304
2024-11-27 02:06:37,79.93750000000304
2024-11-27 02:06:42,79.93750000000304
2024-11-27 02:06:47,79.93750000000304
2024-11-27 02:06:52,79.93750000000304
2024-11-27 02:06:57,79.93750000000304
2024-11-27 02:07:02,79.93750000000304
2024-11-27 02:07:07,79.93750000000304
2024-11-27 02:07:12,79.93750000000304
2024-11-27 02:07:17,79.93750000000304
2024-11-27 02:07:22,79.65899715832062
2024-11-27 02:07:27,79.65899715832062
2024-11-27 02:07:32,79.65899715832062
2024-11-27 02:07:37,79.65899715832062
2024-11-27 02:07:42,79.65899715832062
2024-11-27 02:07:47,79.65899715832062
2024-11-27 02:07:52,79.65899715832062
2024-11-27 02:07:57,79.65899715832062
2024-11-27 02:08:02,79.65899715832062
2024-11-27 02:08:07,79.65899715832062
2024-11-27 02:08:12,79.65899715832062
2024-11-27 02:08:17,79.65899715832062
2024-11-27 02:08:22,80.12500000000186
2024-11-27 02:08:27,80.12500000000186
2024-11-27 02:08:32,80.12500000000186
2024-11-27 02:08:37,80.12500000000186
2024-11-27 02:08:42,80.12500000000186
2024-11-27 02:08:47,80.12500000000186
2024-11-27 02:08:52,80.12500000000186
2024-11-27 02:08:57,80.12500000000186
2024-11-27 02:09:02,80.12500000000186
2024-11-27 02:09:07,80.12500000000186
2024-11-27 02:09:12,80.12500000000186
2024-11-27 02:09:17,80.12500000000186
2024-11-27 02:09:22,73.50416666665808
2024-11-27 02:09:27,73.50416666665808
2024-11-27 02:09:32,73.50416666665808
2024-11-27 02:09:37,73.50416666665808
2024-11-27 02:09:42,73.50416666665808
2024-11-27 02:09:47,73.50416666665808
2024-11-27 02:09:52,73.50416666665808
2024-11-27 02:09:57,73.50416666665808
2024-11-27 02:10:02,73.50416666665808
2024-11-27 02:10:07,73.50416666665808
2024-11-27 02:10:12,73.50416666665808
2024-11-27 02:10:17,73.50416666665808
2024-11-27 02:10:22,60.49999999999889
2024-11-27 02:10:27,60.49999999999889
2024-11-27 02:10:32,60.49999999999889
2024-11-27 02:10:37,60.49999999999889
2024-11-27 02:10:42,60.49999999999889
2024-11-27 02:10:47,60.49999999999889
2024-11-27 02:10:52,60.49999999999889
2024-11-27 02:10:57,60.49999999999889
2024-11-27 02:11:02,60.49999999999889
2024-11-27 02:11:07,60.49999999999889
2024-11-27 02:11:12,60.49999999999889
2024-11-27 02:11:17,60.49999999999889
2024-11-27 02:11:22,45.02500000000841
2024-11-27 02:11:27,45.02500000000841
2024-11-27 02:11:32,45.02500000000841
2024-11-27 02:11:37,45.02500000000841
2024-11-27 02:11:42,45.02500000000841
2024-11-27 02:11:47,45.02500000000841
2024-11-27 02:11:52,45.02500000000841
2024-11-27 02:11:57,45.02500000000841
2024-11-27 02:12:02,45.02500000000841
2024-11-27 02:12:07,45.02500000000841
2024-11-27 02:12:12,45.02500000000841
2024-11-27 02:12:17,45.02500000000841
2024-11-27 02:12:22,31.758333333332395
2024-11-27 02:12:27,31.758333333332395
2024-11-27 02:12:32,31.758333333332395
2024-11-27 02:12:37,31.758333333332395
2024-11-27 02:12:42,31.758333333332395
2024-11-27 02:12:47,31.758333333332395
2024-11-27 02:12:52,31.758333333332395
2024-11-27 02:12:57,31.758333333332395
2024-11-27 02:13:02,31.758333333332395
2024-11-27 02:13:07,31.758333333332395
2024-11-27 02:13:12,31.758333333332395
2024-11-27 02:13:17,31.758333333332395
2024-11-27 02:13:22,22.49166666666838
2024-11-27 02:13:27,22.49166666666838
2024-11-27 02:13:32,22.49166666666838
2024-11-27 02:13:37,22.49166666666838
2024-11-27 02:13:42,22.49166666666838
2024-11-27 02:13:47,22.49166666666838
2024-11-27 02:13:52,22.49166666666838
2024-11-27 02:13:57,22.49166666666838
2024-11-27 02:14:02,22.49166666666838
2024-11-27 02:14:07,22.49166666666838
2024-11-27 02:14:12,22.49166666666838
2024-11-27 02:14:17,22.49166666666838
2024-11-27 02:14:22,19.90416666667784
2024-11-27 02:14:27,19.90416666667784
2024-11-27 02:14:32,19.90416666667784
2024-11-27 02:14:37,19.90416666667784
2024-11-27 02:14:42,19.90416666667784
2024-11-27 02:14:47,19.90416666667784
2024-11-27 02:14:52,19.90416666667784
2024-11-27 02:14:57,19.90416666667784
2024-11-27 02:15:02,19.90416666667784
2024-11-27 02:15:07,19.90416666667784
2024-11-27 02:15:12,19.90416666667784
2024-11-27 02:15:17,19.90416666667784
2024-11-27 02:15:22,20.916666666662707
2024-11-27 02:15:27,20.916666666662707
2024-11-27 02:15:32,20.916666666662707
2024-11-27 02:15:37,20.916666666662707
2024-11-27 02:15:42,20.916666666662707
2024-11-27 02:15:47,20.916666666662707
2024-11-27 02:15:52,20.916666666662707
2024-11-27 02:15:57,20.916666666662707
2024-11-27 02:16:02,20.916666666662707
2024-11-27 02:16:07,20.916666666662707
2024-11-27 02:16:12,20.916666666662707
2024-11-27 02:16:17,20.916666666662707
2024-11-27 02:16:22,22.849999999996648
2024-11-27 02:16:27,22.849999999996648
2024-11-27 02:16:32,22.849999999996648
2024-11-27 02:16:37,22.849999999996648
2024-11-27 02:16:42,22.849999999996648
2024-11-27 02:16:47,22.849999999996648
2024-11-27 02:16:52,22.849999999996648
2024-11-27 02:16:57,22.849999999996648
2024-11-27 02:17:02,22.849999999996648
2024-11-27 02:17:07,22.849999999996648
2024-11-27 02:17:12,22.849999999996648
2024-11-27 02:17:17,22.849999999996648
2024-11-27 02:17:22,25.2125
2024-11-27 02:17:27,25.2125
2024-11-27 02:17:32,25.2125
2024-11-27 02:17:37,25.2125
2024-11-27 02:17:42,25.2125
2024-11-27 02:17:47,25.2125
2024-11-27 02:17:52,25.2125
2024-11-27 02:17:57,25.2125
2024-11-27 02:18:02,25.2125
2024-11-27 02:18:07,25.2125
2024-11-27 02:18:12,25.2125
2024-11-27 02:18:17,25.2125
2024-11-27 02:18:22,27.54999999998688
2024-11-27 02:18:27,27.54999999998688
2024-11-27 02:18:32,27.54999999998688
2024-11-27 02:18:37,27.54999999998688
2024-11-27 02:18:42,27.54999999998688
2024-11-27 02:18:47,27.54999999998688
2024-11-27 02:18:52,27.54999999998688
2024-11-27 02:18:57,27.54999999998688
2024-11-27 02:19:02,27.54999999998688
2024-11-27 02:19:07,27.54999999998688
2024-11-27 02:19:12,27.54999999998688
2024-11-27 02:19:17,27.54999999998688
2024-11-27 02:19:22,27.795833333339885
2024-11-27 02:19:27,27.795833333339885
2024-11-27 02:19:32,27.795833333339885
2024-11-27 02:19:37,27.795833333339885
2024-11-27 02:19:42,27.795833333339885
2024-11-27 02:19:47,27.795833333339885
2024-11-27 02:19:52,27.795833333339885
2024-11-27 02:19:57,27.795833333339885
2024-11-27 02:20:02,27.795833333339885
2024-11-27 02:20:07,27.795833333339885
2024-11-27 02:20:12,27.795833333339885
2024-11-27 02:20:17,27.795833333339885
2024-11-27 02:20:22,27.479166666665456
2024-11-27 02:20:27,27.479166666665456
2024-11-27 02:20:32,27.479166666665456
2024-11-27 02:20:37,27.479166666665456
2024-11-27 02:20:42,27.479166666665456
2024-11-27 02:20:47,27.479166666665456
2024-11-27 02:20:52,27.479166666665456
2024-11-27 02:20:57,27.479166666665456
2024-11-27 02:21:02,27.479166666665456
2024-11-27 02:21:07,27.479166666665456
2024-11-27 02:21:12,27.479166666665456
2024-11-27 02:21:17,27.479166666665456
2024-11-27 02:21:22,25.862500000000065
2024-11-27 02:21:27,25.862500000000065
2024-11-27 02:21:32,25.862500000000065
2024-11-27 02:21:37,25.862500000000065
2024-11-27 02:21:42,25.862500000000065
2024-11-27 02:21:47,25.862500000000065
2024-11-27 02:21:52,25.862500000000065
2024-11-27 02:21:57,25.862500000000065
2024-11-27 02:22:02,25.862500000000065
2024-11-27 02:22:07,25.862500000000065
2024-11-27 02:22:12,25.862500000000065
2024-11-27 02:22:17,25.862500000000065
2024-11-27 02:22:22,24.50000000000519
2024-11-27 02:22:27,24.50000000000519
2024-11-27 02:22:32,24.50000000000519
2024-11-27 02:22:37,24.50000000000519
2024-11-27 02:22:42,24.50000000000519
2024-11-27 02:22:47,24.50000000000519
2024-11-27 02:22:52,24.50000000000519
2024-11-27 02:22:57,24.50000000000519
2024-11-27 02:23:02,24.50000000000519
2024-11-27 02:23:07,24.50000000000519
2024-11-27 02:23:12,24.50000000000519
2024-11-27 02:23:17,24.50000000000519
2024-11-27 02:23:22,23.16249999999883
2024-11-27 02:23:27,23.16249999999883
2024-11-27 02:23:32,23.16249999999883
2024-11-27 02:23:37,23.16249999999883
2024-11-27 02:23:42,23.16249999999883
2024-11-27 02:23:47,23.16249999999883
2024-11-27 02:23:52,23.16249999999883
2024-11-27 02:23:57,23.16249999999883
2024-11-27 02:24:02,23.16249999999883
2024-11-27 02:24:07,23.16249999999883
2024-11-27 02:24:12,23.16249999999883
2024-11-27 02:24:17,23.16249999999883
2024-11-27 02:24:22,22.09999999998937
2024-11-27 02:24:27,22.09999999998937
2024-11-27 02:24:32,22.09999999998937
2024-11-27 02:24:37,22.09999999998937
2024-11-27 02:24:42,22.09999999998937
2024-11-27 02:24:47,22.09999999998937
2024-11-27 02:24:52,22.09999999998937
2024-11-27 02:24:57,22.09999999998937
2024-11-27 02:25:02,22.09999999998937
2024-11-27 02:25:07,22.09999999998937
2024-11-27 02:25:12,22.09999999998937
2024-11-27 02:25:17,22.09999999998937
2024-11-27 02:25:22,22.233333333338688
2024-11-27 02:25:27,22.233333333338688
2024-11-27 02:25:32,22.233333333338688
2024-11-27 02:25:37,22.233333333338688
2024-11-27 02:25:42,22.233333333338688
2024-11-27 02:25:47,22.233333333338688
2024-11-27 02:25:52,22.233333333338688
2024-11-27 02:25:57,22.233333333338688
2024-11-27 02:26:02,22.233333333338688
2024-11-27 02:26:07,22.233333333338688
2024-11-27 02:26:12,22.233333333338688
2024-11-27 02:26:17,22.233333333338688
2024-11-27 02:26:22,22.058333333337526
2024-11-27 02:26:27,22.058333333337526
2024-11-27 02:26:32,22.058333333337526
2024-11-27 02:26:37,22.058333333337526
2024-11-27 02:26:42,22.058333333337526
2024-11-27 02:26:47,22.058333333337526
2024-11-27 02:26:52,22.058333333337526
2024-11-27 02:26:57,22.058333333337526
2024-11-27 02:27:02,22.058333333337526
2024-11-27 02:27:07,22.058333333337526
2024-11-27 02:27:12,22.058333333337526
2024-11-27 02:27:17,22.058333333337526
2024-11-27 02:27:22,22.541666666662554
2024-11-27 02:27:27,22.541666666662554
2024-11-27 02:27:32,22.541666666662554
2024-11-27 02:27:37,22.541666666662554
2024-11-27 02:27:42,22.541666666662554
2024-11-27 02:27:47,22.541666666662554
2024-11-27 02:27:52,22.541666666662554
2024-11-27 02:27:57,22.541666666662554
2024-11-27 02:28:02,22.541666666662554
2024-11-27 02:28:07,22.541666666662554
2024-11-27 02:28:12,22.541666666662554
2024-11-27 02:28:17,22.541666666662554
2024-11-27 02:28:22,22.608333333336077
2024-11-27 02:28:27,22.608333333336077
2024-11-27 02:28:32,22.608333333336077
2024-11-27 02:28:37,22.608333333336077
2024-11-27 02:28:42,22.608333333336077
2024-11-27 02:28:47,22.608333333336077
2024-11-27 02:28:52,22.608333333336077
2024-11-27 02:28:57,22.608333333336077
2024-11-27 02:29:02,22.608333333336077
2024-11-27 02:29:07,22.608333333336077
2024-11-27 02:29:12,22.608333333336077
2024-11-27 02:29:17,22.608333333336077
2024-11-27 02:29:22,22.624999999986148
2024-11-27 02:29:27,22.624999999986148
2024-11-27 02:29:32,22.624999999986148
2024-11-27 02:29:37,22.624999999986148
2024-11-27 02:29:42,22.624999999986148
2024-11-27 02:29:47,22.624999999986148
2024-11-27 02:29:52,22.624999999986148
2024-11-27 02:29:57,22.624999999986148
2024-11-27 02:30:02,22.624999999986148
2024-11-27 02:30:07,22.624999999986148
2024-11-27 02:30:12,22.624999999986148
2024-11-27 02:30:17,22.624999999986148
2024-11-27 02:30:22,22.40000000001392
2024-11-27 02:30:27,22.40000000001392
2024-11-27 02:30:32,22.40000000001392
2024-11-27 02:30:37,22.40000000001392
2024-11-27 02:30:42,22.40000000001392
2024-11-27 02:30:47,22.40000000001392
2024-11-27 02:30:52,22.40000000001392
2024-11-27 02:30:57,22.40000000001392
2024-11-27 02:31:02,22.40000000001392
2024-11-27 02:31:07,22.40000000001392
2024-11-27 02:31:12,22.40000000001392
2024-11-27 02:31:17,22.40000000001392
2024-11-27 02:31:22,22.87499999999473
2024-11-27 02:31:27,22.87499999999473
2024-11-27 02:31:32,22.87499999999473
2024-11-27 02:31:37,22.87499999999473
2024-11-27 02:31:42,22.87499999999473
2024-11-27 02:31:47,22.87499999999473
2024-11-27 02:31:52,22.87499999999473
2024-11-27 02:31:57,22.87499999999473
2024-11-27 02:32:02,22.87499999999473
2024-11-27 02:32:07,22.87499999999473
2024-11-27 02:32:12,22.87499999999473
2024-11-27 02:32:17,22.87499999999473
2024-11-27 02:32:22,29.40833333333122
2024-11-27 02:32:27,29.40833333333122
2024-11-27 02:32:32,29.40833333333122
2024-11-27 02:32:37,29.40833333333122
2024-11-27 02:32:42,29.40833333333122
2024-11-27 02:32:47,29.40833333333122
2024-11-27 02:32:52,29.40833333333122
2024-11-27 02:32:57,29.40833333333122
2024-11-27 02:33:02,29.40833333333122
2024-11-27 02:33:07,29.40833333333122
2024-11-27 02:33:12,29.40833333333122
2024-11-27 02:33:17,29.40833333333122
2024-11-27 02:33:22,42.72083333334905
2024-11-27 02:33:27,42.72083333334905
2024-11-27 02:33:32,42.72083333334905
2024-11-27 02:33:37,42.72083333334905
2024-11-27 02:33:42,42.72083333334905
2024-11-27 02:33:47,42.72083333334905
2024-11-27 02:33:52,42.72083333334905
2024-11-27 02:33:57,42.72083333334905
2024-11-27 02:34:02,42.72083333334905
2024-11-27 02:34:07,42.72083333334905
2024-11-27 02:34:12,42.72083333334905
2024-11-27 02:34:17,42.72083333334905
2024-11-27 02:34:22,57.837499999992495
2024-11-27 02:34:27,57.837499999992495
2024-11-27 02:34:32,57.837499999992495
2024-11-27 02:34:37,57.837499999992495
2024-11-27 02:34:42,57.837499999992495
2024-11-27 02:34:47,57.837499999992495
2024-11-27 02:34:52,57.837499999992495
2024-11-27 02:34:57,57.837499999992495
2024-11-27 02:35:02,57.837499999992495
2024-11-27 02:35:07,57.837499999992495
2024-11-27 02:35:12,57.837499999992495
2024-11-27 02:35:17,57.837499999992495
2024-11-27 02:35:22,71.28333333333065
2024-11-27 02:35:27,71.28333333333065
2024-11-27 02:35:32,71.28333333333065
2024-11-27 02:35:37,71.28333333333065
2024-11-27 02:35:42,71.28333333333065
2024-11-27 02:35:47,71.28333333333065
2024-11-27 02:35:52,71.28333333333065
2024-11-27 02:35:57,71.28333333333065
2024-11-27 02:36:02,71.28333333333065
2024-11-27 02:36:07,71.28333333333065
2024-11-27 02:36:12,71.28333333333065
2024-11-27 02:36:17,71.28333333333065
2024-11-27 02:36:22,78.3041666666898
2024-11-27 02:36:27,78.3041666666898
2024-11-27 02:36:32,78.3041666666898
2024-11-27 02:36:37,78.3041666666898
2024-11-27 02:36:42,78.3041666666898
2024-11-27 02:36:47,78.3041666666898
2024-11-27 02:36:52,78.3041666666898
2024-11-27 02:36:57,78.3041666666898
2024-11-27 02:37:02,78.3041666666898
2024-11-27 02:37:07,78.3041666666898
2024-11-27 02:37:12,78.3041666666898
2024-11-27 02:37:17,78.3041666666898
2024-11-27 02:37:22,78.38749999997341
2024-11-27 02:37:27,78.38749999997341
2024-11-27 02:37:32,78.38749999997341
2024-11-27 02:37:37,78.38749999997341
2024-11-27 02:37:42,78.38749999997341
2024-11-27 02:37:47,78.38749999997341
2024-11-27 02:37:52,78.38749999997341
2024-11-27 02:37:57,78.38749999997341
2024-11-27 02:38:02,78.38749999997341
2024-11-27 02:38:07,78.38749999997341
2024-11-27 02:38:12,78.38749999997341
2024-11-27 02:38:17,78.38749999997341
2024-11-27 02:38:22,76.20416666665913
2024-11-27 02:38:27,76.20416666665913
2024-11-27 02:38:32,76.20416666665913
2024-11-27 02:38:37,76.20416666665913
2024-11-27 02:38:42,76.20416666665913
2024-11-27 02:38:47,76.20416666665913
2024-11-27 02:38:52,76.20416666665913
2024-11-27 02:38:57,76.20416666665913
2024-11-27 02:39:02,76.20416666665913
2024-11-27 02:39:07,76.20416666665913
2024-11-27 02:39:12,76.20416666665913
2024-11-27 02:39:17,76.20416666665913
2024-11-27 02:39:22,75.25416666666501
2024-11-27 02:39:27,75.25416666666501
2024-11-27 02:39:32,75.25416666666501
2024-11-27 02:39:37,75.25416666666501
2024-11-27 02:39:42,75.25416666666501
2024-11-27 02:39:47,75.25416666666501
2024-11-27 02:39:52,75.25416666666501
2024-11-27 02:39:57,75.25416666666501
2024-11-27 02:40:02,75.25416666666501
2024-11-27 02:40:07,75.25416666666501
2024-11-27 02:40:12,75.25416666666501
2024-11-27 02:40:17,75.25416666666501
2024-11-27 02:40:22,74.3208333333061
2024-11-27 02:40:27,74.3208333333061
2024-11-27 02:40:32,74.3208333333061
2024-11-27 02:40:37,74.3208333333061
2024-11-27 02:40:42,74.3208333333061
2024-11-27 02:40:47,74.3208333333061
2024-11-27 02:40:52,74.3208333333061
2024-11-27 02:40:57,74.3208333333061
2024-11-27 02:41:02,74.3208333333061
2024-11-27 02:41:07,74.3208333333061
2024-11-27 02:41:12,74.3208333333061
2024-11-27 02:41:17,74.3208333333061
2024-11-27 02:41:22,71.77916666669071
2024-11-27 02:41:27,71.77916666669071
2024-11-27 02:41:32,71.77916666669071
2024-11-27 02:41:37,71.77916666669071
2024-11-27 02:41:42,71.77916666669071
2024-11-27 02:41:47,71.77916666669071
2024-11-27 02:41:52,71.77916666669071
2024-11-27 02:41:57,71.77916666669071
2024-11-27 02:42:02,71.77916666669071
2024-11-27 02:42:07,71.77916666669071
2024-11-27 02:42:12,71.77916666669071
2024-11-27 02:42:17,71.77916666669071
2024-11-27 02:42:22,71.56666666666798
2024-11-27 02:42:27,71.56666666666798
2024-11-27 02:42:32,71.56666666666798
2024-11-27 02:42:37,71.56666666666798
2024-11-27 02:42:42,71.56666666666798
2024-11-27 02:42:47,71.56666666666798
2024-11-27 02:42:52,71.56666666666798
2024-11-27 02:42:57,71.56666666666798
2024-11-27 02:43:02,71.56666666666798
2024-11-27 02:43:07,71.56666666666798
2024-11-27 02:43:12,71.56666666666798
2024-11-27 02:43:17,71.56666666666798
2024-11-27 02:43:22,71.21250000001926
2024-11-27 02:43:27,71.21250000001926
2024-11-27 02:43:32,71.21250000001926
2024-11-27 02:43:37,71.21250000001926
2024-11-27 02:43:42,71.21250000001926
2024-11-27 02:43:47,71.21250000001926
2024-11-27 02:43:52,71.21250000001926
2024-11-27 02:43:57,71.21250000001926
2024-11-27 02:44:02,71.21250000001926
2024-11-27 02:44:07,71.21250000001926
2024-11-27 02:44:12,71.21250000001926
2024-11-27 02:44:17,71.21250000001926
2024-11-27 02:44:22,71.16666666668199
2024-11-27 02:44:27,71.16666666668199
2024-11-27 02:44:32,71.16666666668199
2024-11-27 02:44:37,71.16666666668199
2024-11-27 02:44:42,71.16666666668199
2024-11-27 02:44:47,71.16666666668199
2024-11-27 02:44:52,71.16666666668199
2024-11-27 02:44:57,71.16666666668199
2024-11-27 02:45:02,71.16666666668199
2024-11-27 02:45:07,71.16666666668199
2024-11-27 02:45:12,71.16666666668199
2024-11-27 02:45:17,71.16666666668199
2024-11-27 02:45:22,72.36666666664689
2024-11-27 02:45:27,72.36666666664689
2024-11-27 02:45:32,72.36666666664689
2024-11-27 02:45:37,72.36666666664689
2024-11-27 02:45:42,72.36666666664689
2024-11-27 02:45:47,72.36666666664689
2024-11-27 02:45:52,72.36666666664689
2024-11-27 02:45:57,72.36666666664689
2024-11-27 02:46:02,72.36666666664689
2024-11-27 02:46:07,72.36666666664689
2024-11-27 02:46:12,72.36666666664689
2024-11-27 02:46:17,72.36666666664689
2024-11-27 02:46:22,70.32083333333313
2024-11-27 02:46:27,70.32083333333313
2024-11-27 02:46:32,70.32083333333313
2024-11-27 02:46:37,70.32083333333313
2024-11-27 02:46:42,70.32083333333313
2024-11-27 02:46:47,70.32083333333313
2024-11-27 02:46:52,70.32083333333313
2024-11-27 02:46:57,70.32083333333313
2024-11-27 02:47:02,70.32083333333313
2024-11-27 02:47:07,70.32083333333313
2024-11-27 02:47:12,70.32083333333313
2024-11-27 02:47:17,70.32083333333313
2024-11-27 02:47:22,69.85833333331556
2024-11-27 02:47:27,69.85833333331556
2024-11-27 02:47:32,69.85833333331556
2024-11-27 02:47:37,69.85833333331556
2024-11-27 02:47:42,69.85833333331556
2024-11-27 02:47:47,69.85833333331556
2024-11-27 02:47:52,69.85833333331556
2024-11-27 02:47:57,69.85833333331556
2024-11-27 02:48:02,69.85833333331556
2024-11-27 02:48:07,69.85833333331556
2024-11-27 02:48:12,69.85833333331556
2024-11-27 02:48:17,69.85833333331556
2024-11-27 02:48:22,69.07916666667423
2024-11-27 02:48:27,69.07916666667423
2024-11-27 02:48:32,69.07916666667423
2024-11-27 02:48:37,69.07916666667423
2024-11-27 02:48:42,69.07916666667423
2024-11-27 02:48:47,69.07916666667423
2024-11-27 02:48:52,69.07916666667423
2024-11-27 02:48:57,69.07916666667423
2024-11-27 02:49:02,69.07916666667423
2024-11-27 02:49:07,69.07916666667423
2024-11-27 02:49:12,69.07916666667423
2024-11-27 02:49:17,69.07916666667423
2024-11-27 02:49:22,68.76250000000303
2024-11-27 02:49:27,68.76250000000303
2024-11-27 02:49:32,68.76250000000303
2024-11-27 02:49:37,68.76250000000303
2024-11-27 02:49:42,68.76250000000303
2024-11-27 02:49:47,68.76250000000303
2024-11-27 02:49:52,68.76250000000303
2024-11-27 02:49:57,68.76250000000303
2024-11-27 02:50:02,68.76250000000303
2024-11-27 02:50:07,68.76250000000303
2024-11-27 02:50:12,68.76250000000303
2024-11-27 02:50:17,68.76250000000303
2024-11-27 02:50:22,69.74583333334503
2024-11-27 02:50:27,69.74583333334503
2024-11-27 02:50:32,69.74583333334503
2024-11-27 02:50:37,69.74583333334503
2024-11-27 02:50:42,69.74583333334503
2024-11-27 02:50:47,69.74583333334503
2024-11-27 02:50:52,69.74583333334503
2024-11-27 02:50:57,69.74583333334503
2024-11-27 02:51:02,69.74583333334503
2024-11-27 02:51:07,69.74583333334503
2024-11-27 02:51:12,69.74583333334503
2024-11-27 02:51:17,69.74583333334503
2024-11-27 02:51:22,69.12499999999739
2024-11-27 02:51:27,69.12499999999739
2024-11-27 02:51:32,69.12499999999739
2024-11-27 02:51:37,69.12499999999739
2024-11-27 02:51:42,69.12499999999739
2024-11-27 02:51:47,69.12499999999739
2024-11-27 02:51:52,69.12499999999739
2024-11-27 02:51:57,69.12499999999739
2024-11-27 02:52:02,69.12499999999739
2024-11-27 02:52:07,69.12499999999739
2024-11-27 02:52:12,69.12499999999739
2024-11-27 02:52:17,69.12499999999739
2024-11-27 02:52:22,70.04583333332883
2024-11-27 02:52:27,70.04583333332883
2024-11-27 02:52:32,70.04583333332883
2024-11-27 02:52:37,70.04583333332883
2024-11-27 02:52:42,70.04583333332883
2024-11-27 02:52:47,70.04583333332883
2024-11-27 02:52:52,70.04583333332883
2024-11-27 02:52:57,70.04583333332883
2024-11-27 02:53:02,70.04583333332883
2024-11-27 02:53:07,70.04583333332883
2024-11-27 02:53:12,70.04583333332883
2024-11-27 02:53:17,70.04583333332883
2024-11-27 02:53:22,70.75833333333453
2024-11-27 02:53:27,70.75833333333453
2024-11-27 02:53:32,70.75833333333453
2024-11-27 02:53:37,70.75833333333453
2024-11-27 02:53:42,70.75833333333453
2024-11-27 02:53:47,70.75833333333453
2024-11-27 02:53:52,70.75833333333453
2024-11-27 02:53:57,70.75833333333453
2024-11-27 02:54:02,70.75833333333453
2024-11-27 02:54:07,70.75833333333453
2024-11-27 02:54:12,70.75833333333453
2024-11-27 02:54:17,70.75833333333453
2024-11-27 02:54:22,71.65416666665635
2024-11-27 02:54:27,71.65416666665635
2024-11-27 02:54:32,71.65416666665635
2024-11-27 02:54:37,71.65416666665635
2024-11-27 02:54:42,71.65416666665635
2024-11-27 02:54:47,71.65416666665635
2024-11-27 02:54:52,71.65416666665635
2024-11-27 02:54:57,71.65416666665635
2024-11-27 02:55:02,71.65416666665635
2024-11-27 02:55:07,71.65416666665635
2024-11-27 02:55:12,71.65416666665635
2024-11-27 02:55:17,71.65416666665635
2024-11-27 02:55:22,73.52500000000703
2024-11-27 02:55:27,73.52500000000703
2024-11-27 02:55:32,73.52500000000703
2024-11-27 02:55:37,73.52500000000703
2024-11-27 02:55:42,73.52500000000703
2024-11-27 02:55:47,73.52500000000703
2024-11-27 02:55:52,73.52500000000703
2024-11-27 02:55:57,73.52500000000703
2024-11-27 02:56:02,73.52500000000703
2024-11-27 02:56:07,73.52500000000703
2024-11-27 02:56:12,73.52500000000703
2024-11-27 02:56:17,73.52500000000703
2024-11-27 02:56:22,72.33333333333405
2024-11-27 02:56:27,72.33333333333405
2024-11-27 02:56:32,72.33333333333405
2024-11-27 02:56:37,72.33333333333405
2024-11-27 02:56:42,72.33333333333405
2024-11-27 02:56:47,72.33333333333405
2024-11-27 02:56:52,72.33333333333405
2024-11-27 02:56:57,72.33333333333405
2024-11-27 02:57:02,72.33333333333405
2024-11-27 02:57:07,72.33333333333405
2024-11-27 02:57:12,72.33333333333405
2024-11-27 02:57:17,72.33333333333405
2024-11-27 02:57:22,67.50000000001383
2024-11-27 02:57:27,67.50000000001383
2024-11-27 02:57:32,67.50000000001383
2024-11-27 02:57:37,67.50000000001383
2024-11-27 02:57:42,67.50000000001383
2024-11-27 02:57:47,67.50000000001383
2024-11-27 02:57:52,67.50000000001383
2024-11-27 02:57:57,67.50000000001383
2024-11-27 02:58:02,67.50000000001383
2024-11-27 02:58:07,67.50000000001383
2024-11-27 02:58:12,67.50000000001383
2024-11-27 02:58:17,67.50000000001383
2024-11-27 02:58:22,56.329166666663276
2024-11-27 02:58:27,56.329166666663276
2024-11-27 02:58:32,56.329166666663276
2024-11-27 02:58:37,56.329166666663276
2024-11-27 02:58:42,56.329166666663276
2024-11-27 02:58:47,56.329166666663276
2024-11-27 02:58:52,56.329166666663276
2024-11-27 02:58:57,56.329166666663276
2024-11-27 02:59:02,56.329166666663276
2024-11-27 02:59:07,56.329166666663276
2024-11-27 02:59:12,56.329166666663276
2024-11-27 02:59:17,56.329166666663276
2024-11-27 02:59:22,41.81666666666321
2024-11-27 02:59:27,41.81666666666321
2024-11-27 02:59:32,41.81666666666321
2024-11-27 02:59:37,41.81666666666321
2024-11-27 02:59:42,41.81666666666321
2024-11-27 02:59:47,41.81666666666321
2024-11-27 02:59:52,41.81666666666321
2024-11-27 02:59:57,41.81666666666321
2024-11-27 03:00:02,41.81666666666321
2024-11-27 03:00:07,41.81666666666321
2024-11-27 03:00:12,41.81666666666321
2024-11-27 03:00:17,41.81666666666321
2024-11-27 03:00:22,29.67916666665654
2024-11-27 03:00:27,29.67916666665654
2024-11-27 03:00:32,29.67916666665654
2024-11-27 03:00:37,29.67916666665654
2024-11-27 03:00:42,29.67916666665654
2024-11-27 03:00:47,29.67916666665654
2024-11-27 03:00:52,29.67916666665654
2024-11-27 03:00:57,29.67916666665654
2024-11-27 03:01:02,29.67916666665654
2024-11-27 03:01:07,29.67916666665654
2024-11-27 03:01:12,29.67916666665654
2024-11-27 03:01:17,29.67916666665654
2024-11-27 03:01:22,21.64583333332255
2024-11-27 03:01:27,21.64583333332255
2024-11-27 03:01:32,21.64583333332255
2024-11-27 03:01:37,21.64583333332255
2024-11-27 03:01:42,21.64583333332255
2024-11-27 03:01:47,21.64583333332255
2024-11-27 03:01:52,21.64583333332255
2024-11-27 03:01:57,21.64583333332255
2024-11-27 03:02:02,21.64583333332255
2024-11-27 03:02:07,21.64583333332255
2024-11-27 03:02:12,21.64583333332255
2024-11-27 03:02:17,21.64583333332255
2024-11-27 03:02:22,20.104166666673013
2024-11-27 03:02:27,20.104166666673013
2024-11-27 03:02:32,20.104166666673013
